0.123222
0.12322
0.123216
0.12321
0.123203
0.123196
0.123189
0.123181
0.123174
0.123166
0.123158
0.12315
0.123142
0.123135
0.123127
0.123119
0.123111
0.123103
0.123095
0.123087
0.123079
0.123071
0.123063
0.123055
0.123048
0.12304
0.123032
0.123024
0.123016
0.123008
0.123
0.122992
0.122984
0.122976
0.122968
0.12296
0.122952
0.122944
0.122936
0.122928
0.12292
0.122912
0.122904
0.122896
0.122888
0.12288
0.122872
0.122864
0.122856
0.122848
0.12284
0.122832
0.122824
0.122816
0.122808
0.1228
0.122792
0.122784
0.122776
0.122768
0.12276
0.122751
0.122743
0.122735
0.122727
0.122719
0.122711
0.122703
0.122695
0.122687
0.122679
0.122671
0.122662
0.122654
0.122646
0.122638
0.12263
0.122622
0.122614
0.122606
0.122597
0.122589
0.122581
0.122573
0.122565
0.122557
0.122549
0.12254
0.122532
0.122524
0.122516
0.122508
0.1225
0.122491
0.122483
0.122475
0.122467
0.122459
0.12245
0.122442
0.122434
0.122426
0.122417
0.122409
0.122401
0.122393
0.122385
0.122376
0.122368
0.12236
0.122352
0.122343
0.122335
0.122327
0.122318
0.12231
0.122302
0.122294
0.122285
0.122277
0.122269
0.12226
0.122252
0.122244
0.122236
0.122227
0.122219
0.122211
0.122202
0.122194
0.122186
0.122177
0.122169
0.122161
0.122152
0.122144
0.122136
0.122127
0.122119
0.12211
0.122102
0.122094
0.122085
0.122077
0.122069
0.12206
0.122052
0.122043
0.122035
0.122027
0.122018
0.12201
0.122001
0.121993
0.121984
0.121976
0.121968
0.121959
0.121951
0.121942
0.121934
0.121925
0.121917
0.121908
0.1219
0.121891
0.121883
0.121874
0.121866
0.121857
0.121849
0.12184
0.121832
0.121823
0.121815
0.121806
0.121798
0.121789
0.121781
0.121772
0.121764
0.121755
0.121747
0.121738
0.12173
0.121721
0.121712
0.121704
0.121695
0.121687
0.121678
0.12167
0.121661
0.121652
0.121644
0.121635
0.121627
0.121618
0.121609
0.121601
0.121592
0.121583
0.121575
0.121566
0.121558
0.121549
0.12154
0.121532
0.121523
0.121514
0.121506
0.121497
0.121488
0.12148
0.121471
0.121462
0.121453
0.121445
0.121436
0.121427
0.121419
0.12141
0.121401
0.121392
0.121384
0.121375
0.121366
0.121358
0.121349
0.12134
0.121331
0.121322
0.121314
0.121305
0.121296
0.121287
0.121279
0.12127
0.121261
0.121252
0.121243
0.121235
0.121226
0.121217
0.121208
0.121199
0.121191
0.121182
0.121173
0.121164
0.121155
0.121146
0.121137
0.121129
0.12112
0.121111
0.121102
0.121093
0.121084
0.121075
0.121066
0.121057
0.121049
0.12104
0.121031
0.121022
0.121013
0.121004
0.120995
0.120986
0.120977
0.120968
0.120959
0.12095
0.120941
0.120932
0.120923
0.120914
0.120905
0.120896
0.120887
0.120878
0.120869
0.12086
0.120851
0.120842
0.120833
0.120824
0.120815
0.120806
0.120797
0.120788
0.120779
0.12077
0.120761
0.120752
0.120743
0.120734
0.120725
0.120716
0.120707
0.120698
0.120688
0.120679
0.12067
0.120661
0.120652
0.120643
0.120634
0.120625
0.120615
0.120606
0.120597
0.120588
0.120579
0.12057
0.12056
0.120551
0.120542
0.120533
0.120524
0.120515
0.120505
0.120496
0.120487
0.120478
0.120469
0.120459
0.12045
0.120441
0.120432
0.120422
0.120413
0.120404
0.120395
0.120385
0.120376
0.120367
0.120357
0.120348
0.120339
0.12033
0.12032
0.120311
0.120302
0.120292
0.120283
0.120274
0.120264
0.120255
0.120246
0.120236
0.120227
0.120218
0.120208
0.120199
0.12019
0.12018
0.120171
0.120161
0.120152
0.120143
0.120133
0.120124
0.120114
0.120105
0.120095
0.120086
0.120077
0.120067
0.120058
0.120048
0.120039
0.120029
0.12002
0.12001
0.120001
0.119991
0.119982
0.119972
0.119963
0.119953
0.119944
0.119934
0.119925
0.119915
0.119906
0.119896
0.119887
0.119877
0.119867
0.119858
0.119848
0.119839
0.119829
0.11982
0.11981
0.1198
0.119791
0.119781
0.119772
0.119762
0.119752
0.119743
0.119733
0.119723
0.119714
0.119704
0.119694
0.119685
0.119675
0.119665
0.119656
0.119646
0.119636
0.119627
0.119617
0.119607
0.119597
0.119588
0.119578
0.119568
0.119558
0.119549
0.119539
0.119529
0.119519
0.11951
0.1195
0.11949
0.11948
0.11947
0.119461
0.119451
0.119441
0.119431
0.119421
0.119412
0.119402
0.119392
0.119382
0.119372
0.119362
0.119352
0.119342
0.119333
0.119323
0.119313
0.119303
0.119293
0.119283
0.119273
0.119263
0.119253
0.119243
0.119233
0.119223
0.119214
0.119204
0.119194
0.119184
0.119174
0.119164
0.119154
0.119144
0.119134
0.119124
0.119114
0.119104
0.119094
0.119084
0.119073
0.119063
0.119053
0.119043
0.119033
0.119023
0.119013
0.119003
0.118993
0.118983
0.118973
0.118963
0.118952
0.118942
0.118932
0.118922
0.118912
0.118902
0.118892
0.118881
0.118871
0.118861
0.118851
0.118841
0.11883
0.11882
0.11881
0.1188
0.11879
0.118779
0.118769
0.118759
0.118749
0.118738
0.118728
0.118718
0.118708
0.118697
0.118687
0.118677
0.118666
0.118656
0.118646
0.118635
0.118625
0.118615
0.118604
0.118594
0.118584
0.118573
0.118563
0.118553
0.118542
0.118532
0.118521
0.118511
0.118501
0.11849
0.11848
0.118469
0.118459
0.118448
0.118438
0.118427
0.118417
0.118406
0.118396
0.118386
0.118375
0.118365
0.118354
0.118343
0.118333
0.118322
0.118312
0.118301
0.118291
0.11828
0.11827
0.118259
0.118248
0.118238
0.118227
0.118217
0.118206
0.118195
0.118185
0.118174
0.118164
0.118153
0.118142
0.118132
0.118121
0.11811
0.1181
0.118089
0.118078
0.118067
0.118057
0.118046
0.118035
0.118025
0.118014
0.118003
0.117992
0.117981
0.117971
0.11796
0.117949
0.117938
0.117928
0.117917
0.117906
0.117895
0.117884
0.117873
0.117863
0.117852
0.117841
0.11783
0.117819
0.117808
0.117797
0.117786
0.117775
0.117765
0.117754
0.117743
0.117732
0.117721
0.11771
0.117699
0.117688
0.117677
0.117666
0.117655
0.117644
0.117633
0.117622
0.117611
0.1176
0.117589
0.117578
0.117567
0.117556
0.117544
0.117533
0.117522
0.117511
0.1175
0.117489
0.117478
0.117467
0.117456
0.117444
0.117433
0.117422
0.117411
0.1174
0.117388
0.117377
0.117366
0.117355
0.117344
0.117332
0.117321
0.11731
0.117299
0.117287
0.117276
0.117265
0.117253
0.117242
0.117231
0.11722
0.117208
0.117197
0.117186
0.117174
0.117163
0.117151
0.11714
0.117129
0.117117
0.117106
0.117094
0.117083
0.117072
0.11706
0.117049
0.117037
0.117026
0.117014
0.117003
0.116991
0.11698
0.116968
0.116957
0.116945
0.116934
0.116922
0.116911
0.116899
0.116888
0.116876
0.116864
0.116853
0.116841
0.11683
0.116818
0.116806
0.116795
0.116783
0.116771
0.11676
0.116748
0.116736
0.116725
0.116713
0.116701
0.116689
0.116678
0.116666
0.116654
0.116642
0.116631
0.116619
0.116607
0.116595
0.116583
0.116572
0.11656
0.116548
0.116536
0.116524
0.116512
0.1165
0.116489
0.116477
0.116465
0.116453
0.116441
0.116429
0.116417
0.116405
0.116393
0.116381
0.116369
0.116357
0.116345
0.116333
0.116321
0.116309
0.116297
0.116285
0.116273
0.116261
0.116249
0.116237
0.116225
0.116212
0.1162
0.116188
0.116176
0.116164
0.116152
0.11614
0.116127
0.116115
0.116103
0.116091
0.116079
0.116066
0.116054
0.116042
0.11603
0.116017
0.116005
0.115993
0.11598
0.115968
0.115956
0.115943
0.115931
0.115919
0.115906
0.115894
0.115882
0.115869
0.115857
0.115844
0.115832
0.115819
0.115807
0.115795
0.115782
0.11577
0.115757
0.115745
0.115732
0.115719
0.115707
0.115694
0.115682
0.115669
0.115657
0.115644
0.115631
0.115619
0.115606
0.115594
0.115581
0.115568
0.115556
0.115543
0.11553
0.115517
0.115505
0.115492
0.115479
0.115466
0.115454
0.115441
0.115428
0.115415
0.115403
0.11539
0.115377
0.115364
0.115351
0.115338
0.115325
0.115312
0.1153
0.115287
0.115274
0.115261
0.115248
0.115235
0.115222
0.115209
0.115196
0.115183
0.11517
0.115157
0.115144
0.115131
0.115118
0.115105
0.115091
0.115078
0.115065
0.115052
0.115039
0.115026
0.115013
0.114999
0.114986
0.114973
0.11496
0.114947
0.114933
0.11492
0.114907
0.114893
0.11488
0.114867
0.114854
0.11484
0.114827
0.114813
0.1148
0.114787
0.114773
0.11476
0.114746
0.114733
0.11472
0.114706
0.114693
0.114679
0.114666
0.114652
0.114639
0.114625
0.114612
0.114598
0.114584
0.114571
0.114557
0.114544
0.11453
0.114516
0.114503
0.114489
0.114475
0.114461
0.114448
0.114434
0.11442
0.114407
0.114393
0.114379
0.114365
0.114351
0.114337
0.114324
0.11431
0.114296
0.114282
0.114268
0.114254
0.11424
0.114226
0.114212
0.114198
0.114184
0.11417
0.114156
0.114142
0.114128
0.114114
0.1141
0.114086
0.114072
0.114058
0.114044
0.11403
0.114015
0.114001
0.113987
0.113973
0.113959
0.113944
0.11393
0.113916
0.113902
0.113887
0.113873
0.113859
0.113844
0.11383
0.113816
0.113801
0.113787
0.113772
0.113758
0.113743
0.113729
0.113715
0.1137
0.113686
0.113671
0.113656
0.113642
0.113627
0.113613
0.113598
0.113583
0.113569
0.113554
0.113539
0.113525
0.11351
0.113495
0.113481
0.113466
0.113451
0.113436
0.113422
0.113407
0.113392
0.113377
0.113362
0.113347
0.113332
0.113317
0.113302
0.113288
0.113273
0.113258
0.113243
0.113228
0.113212
0.113197
0.113182
0.113167
0.113152
0.113137
0.113122
0.113107
0.113091
0.113076
0.113061
0.113046
0.113031
0.113015
0.113
0.112985
0.112969
0.112954
0.112939
0.112923
0.112908
0.112892
0.112877
0.112862
0.112846
0.112831
0.112815
0.1128
0.112784
0.112768
0.112753
0.112737
0.112722
0.112706
0.11269
0.112675
0.112659
0.112643
0.112628
0.112612
0.112596
0.11258
0.112564
0.112549
0.112533
0.112517
0.112501
0.112485
0.112469
0.112453
0.112437
0.112421
0.112405
0.112389
0.112373
0.112357
0.112341
0.112325
0.112309
0.112293
0.112276
0.11226
0.112244
0.112228
0.112211
0.112195
0.112179
0.112163
0.112146
0.11213
0.112113
0.112097
0.112081
0.112064
0.112048
0.112031
0.112015
0.111998
0.111982
0.111965
0.111948
0.111932
0.111915
0.111898
0.111882
0.111865
0.111848
0.111831
0.111815
0.111798
0.111781
0.111764
0.111747
0.11173
0.111713
0.111697
0.11168
0.111663
0.111646
0.111629
0.111611
0.111594
0.111577
0.11156
0.111543
0.111526
0.111509
0.111491
0.111474
0.111457
0.111439
0.111422
0.111405
0.111387
0.11137
0.111353
0.111335
0.111318
0.1113
0.111283
0.111265
0.111247
0.11123
0.111212
0.111195
0.111177
0.111159
0.111141
0.111124
0.111106
0.111088
0.11107
0.111052
0.111034
0.111017
0.110999
0.110981
0.110963
0.110945
0.110927
0.110908
0.11089
0.110872
0.110854
0.110836
0.110818
0.110799
0.110781
0.110763
0.110744
0.110726
0.110708
0.110689
0.110671
0.110652
0.110634
0.110615
0.110597
0.110578
0.110559
0.110541
0.110522
0.110503
0.110485
0.110466
0.110447
0.110428
0.110409
0.110391
0.110372
0.110353
0.110334
0.110315
0.110296
0.110276
0.110257
0.110238
0.110219
0.1102
0.110181
0.110161
0.110142
0.110123
0.110103
0.110084
0.110064
0.110045
0.110025
0.110006
0.109986
0.109967
0.109947
0.109927
0.109908
0.109888
0.109868
0.109848
0.109829
0.109809
0.109789
0.109769
0.109749
0.109729
0.109709
0.109689
0.109669
0.109648
0.109628
0.109608
0.109588
0.109567
0.109547
0.109527
0.109506
0.109486
0.109465
0.109445
0.109424
0.109403
0.109383
0.109362
0.109341
0.109321
0.1093
0.109279
0.109258
0.109237
0.109216
0.109195
0.109174
0.109153
0.109132
0.109111
0.10909
0.109068
0.109047
0.109026
0.109004
0.108983
0.108961
0.10894
0.108918
0.108897
0.108875
0.108854
0.108832
0.10881
0.108788
0.108766
0.108745
0.108723
0.108701
0.108679
0.108657
0.108634
0.108612
0.10859
0.108568
0.108545
0.108523
0.108501
0.108478
0.108456
0.108433
0.108411
0.108388
0.108365
0.108343
0.10832
0.108297
0.108274
0.108251
0.108228
0.108205
0.108182
0.108159
0.108136
0.108112
0.108089
0.108066
0.108042
0.108019
0.107995
0.107972
0.107948
0.107925
0.107901
0.107877
0.107853
0.107829
0.107805
0.107781
0.107757
0.107733
0.107709
0.107685
0.107661
0.107636
0.107612
0.107587
0.107563
0.107538
0.107514
0.107489
0.107464
0.107439
0.107414
0.107389
0.107364
0.107339
0.107314
0.107289
0.107264
0.107238
0.107213
0.107188
0.107162
0.107136
0.107111
0.107085
0.107059
0.107033
0.107007
0.106981
0.106955
0.106929
0.106903
0.106877
0.10685
0.106824
0.106797
0.106771
0.106744
0.106718
0.106691
0.106664
0.106637
0.10661
0.106583
0.106556
0.106528
0.106501
0.106474
0.106446
0.106419
0.106391
0.106363
0.106335
0.106307
0.106279
0.106251
0.106223
0.106195
0.106167
0.106138
0.10611
0.106081
0.106052
0.106024
0.105995
0.105966
0.105937
0.105908
0.105878
0.105849
0.10582
0.10579
0.105761
0.105731
0.105701
0.105671
0.105641
0.105611
0.105581
0.105551
0.10552
0.10549
0.105459
0.105428
0.105397
0.105366
0.105335
0.105304
0.105273
0.105242
0.10521
0.105178
0.105147
0.105115
0.105083
0.105051
0.105019
0.104986
0.104954
0.104921
0.104889
0.104856
0.104823
0.10479
0.104757
0.104723
0.10469
0.104656
0.104622
0.104588
0.104554
0.10452
0.104486
0.104452
0.104417
0.104382
0.104347
0.104312
0.104277
0.104242
0.104206
0.104171
0.104135
0.104099
0.104063
0.104026
0.10399
0.103953
0.103916
0.10388
0.103842
0.103805
0.103768
0.10373
0.103692
0.103654
0.103616
0.103577
0.103538
0.1035
0.103461
0.103421
0.103382
0.103342
0.103302
0.103262
0.103221
0.103181
0.10314
0.103099
0.103057
0.103015
0.102973
0.102931
0.102888
0.102844
0.102801
0.102756
0.102712
0.102666
0.10262
0.102573
0.102526
0.102477
0.102427
0.102376
0.102324
0.10227
0.102213
0.102155
0.102093
0.102029
0.101961
0.101888
0.10181
0.101726
0.101635
0.101536
0.101427
0.101307
0.101174
0.101025
0.100858
0.100671
0.100459
0.10022
0.0999493
0.0996422
0.0992941
0.0988997
0.0984538
0.0979507
0.0973851
0.0967519
0.0960465
0.0952653
0.0944062
0.0934685
0.0924537
0.0913653
0.0902095
0.0889946
0.0877315
0.0864325
0.0851115
0.0837833
0.0824624
0.081163
0.079898
0.0786787
0.0775143
0.0764122
0.0753773
0.0744127
0.0735196
0.0726977
0.0719453
0.0712597
0.0706375
0.0700747
0.0695671
0.0691103
0.0687
0.0683318
0.0680017
0.0677058
0.0674405
0.0672025
0.0669886
0.0667963
0.0666229
0.0664663
0.0663244
0.0661954
0.0660778
0.0659701
0.0658712
0.0657799
0.0656952
0.0656165
0.0655428
0.0654736
0.0654083
0.0653464
0.0652875
0.0652312
0.0651772
0.0651252
0.0650751
0.0650264
0.0649792
0.0649331
0.0648882
0.0648442
0.0648011
0.0647587
0.064717
0.064676
0.0646355
0.0645955
0.064556
0.0645169
0.0644782
0.0644399
0.064402
0.0643643
0.064327
0.0642899
0.0642531
0.0642166
0.0641803
0.0641442
0.0641084
0.0640728
0.0640373
0.0640021
0.0639671
0.0639323
0.0638977
0.0638633
0.063829
0.0637949
0.063761
0.0637273
0.0636937
0.0636603
0.063627
0.0635939
0.063561
0.0635282
0.0634956
0.0634631
0.0634307
0.0633986
0.0633665
0.0633346
0.0633029
0.0632712
0.0632397
0.0632084
0.0631772
0.0631461
0.0631152
0.0630843
0.0630536
0.0630231
0.0629926
0.0629623
0.0629321
0.0629021
0.0628721
0.0628423
0.0628126
0.062783
0.0627535
0.0627241
0.0626949
0.0626658
0.0626367
0.0626078
0.062579
0.0625503
0.0625217
0.0624932
0.0624649
0.0624366
0.0624084
0.0623803
0.0623524
0.0623245
0.0622967
0.0622691
0.0622415
0.062214
0.0621866
0.0621593
0.0621322
0.0621051
0.0620781
0.0620511
0.0620243
0.0619976
0.061971
0.0619444
0.0619179
0.0618916
0.0618653
0.0618391
0.061813
0.0617869
0.061761
0.0617351
0.0617093
0.0616836
0.061658
0.0616325
0.061607
0.0615816
0.0615563
0.0615311
0.061506
0.0614809
0.0614559
0.061431
0.0614061
0.0613814
0.0613567
0.0613321
0.0613075
0.061283
0.0612586
0.0612343
0.0612101
0.0611859
0.0611618
0.0611377
0.0611137
0.0610898
0.061066
0.0610422
0.0610185
0.0609948
0.0609713
0.0609477
0.0609243
0.0609009
0.0608776
0.0608543
0.0608312
0.060808
0.060785
0.060762
0.060739
0.0607161
0.0606933
0.0606706
0.0606479
0.0606252
0.0606027
0.0605801
0.0605577
0.0605353
0.0605129
0.0604906
0.0604684
0.0604462
0.0604241
0.060402
0.06038
0.0603581
0.0603362
0.0603143
0.0602926
0.0602708
0.0602491
0.0602275
0.0602059
0.0601844
0.060163
0.0601415
0.0601202
0.0600989
0.0600776
0.0600564
0.0600352
0.0600141
0.0599931
0.059972
0.0599511
0.0599302
0.0599093
0.0598885
0.0598677
0.059847
0.0598263
0.0598057
0.0597851
0.0597646
0.0597441
0.0597237
0.0597033
0.0596829
0.0596626
0.0596424
0.0596222
0.059602
0.0595819
0.0595618
0.0595418
0.0595218
0.0595018
0.0594819
0.0594621
0.0594423
0.0594225
0.0594028
0.0593831
0.0593634
0.0593438
0.0593243
0.0593047
0.0592852
0.0592658
0.0592464
0.0592271
0.0592077
0.0591885
0.0591692
0.05915
0.0591309
0.0591117
0.0590927
0.0590736
0.0590546
0.0590357
0.0590167
0.0589978
0.058979
0.0589602
0.0589414
0.0589227
0.058904
0.0588853
0.0588667
0.0588481
0.0588295
0.058811
0.0587925
0.0587741
0.0587557
0.0587373
0.058719
0.0587007
0.0586824
0.0586642
0.058646
0.0586278
0.0586097
0.0585916
0.0585735
0.0585555
0.0585375
0.0585196
0.0585016
0.0584837
0.0584659
0.0584481
0.0584303
0.0584125
0.0583948
0.0583771
0.0583594
0.0583418
0.0583242
0.0583066
0.0582891
0.0582716
0.0582541
0.0582367
0.0582193
0.0582019
0.0581846
0.0581673
0.05815
0.0581327
0.0581155
0.0580983
0.0580811
0.058064
0.0580469
0.0580298
0.0580128
0.0579958
0.0579788
0.0579618
0.0579449
0.057928
0.0579111
0.0578943
0.0578775
0.0578607
0.057844
0.0578272
0.0578105
0.0577939
0.0577772
0.0577606
0.057744
0.0577275
0.0577109
0.0576944
0.057678
0.0576615
0.0576451
0.0576287
0.0576123
0.057596
0.0575797
0.0575634
0.0575471
0.0575309
0.0575147
0.0574985
0.0574823
0.0574662
0.0574501
0.057434
0.057418
0.0574019
0.0573859
0.05737
0.057354
0.0573381
0.0573222
0.0573063
0.0572905
0.0572746
0.0572588
0.0572431
0.0572273
0.0572116
0.0571959
0.0571802
0.0571645
0.0571489
0.0571333
0.0571177
0.0571021
0.0570866
0.0570711
0.0570556
0.0570401
0.0570247
0.0570093
0.0569939
0.0569785
0.0569632
0.0569478
0.0569325
0.0569172
0.056902
0.0568867
0.0568715
0.0568563
0.0568412
0.056826
0.0568109
0.0567958
0.0567807
0.0567656
0.0567506
0.0567356
0.0567206
0.0567056
0.0566907
0.0566757
0.0566608
0.056646
0.0566311
0.0566162
0.0566014
0.0565866
0.0565718
0.0565571
0.0565423
0.0565276
0.0565129
0.0564982
0.0564836
0.0564689
0.0564543
0.0564397
0.0564252
0.0564106
0.0563961
0.0563816
0.0563671
0.0563526
0.0563381
0.0563237
0.0563093
0.0562949
0.0562805
0.0562662
0.0562518
0.0562375
0.0562232
0.0562089
0.0561947
0.0561804
0.0561662
0.056152
0.0561378
0.0561236
0.0561095
0.0560954
0.0560813
0.0560672
0.0560531
0.056039
0.056025
0.056011
0.055997
0.055983
0.0559691
0.0559551
0.0559412
0.0559273
0.0559134
0.0558995
0.0558857
0.0558718
0.055858
0.0558442
0.0558304
0.0558167
0.0558029
0.0557892
0.0557755
0.0557618
0.0557481
0.0557345
0.0557208
0.0557072
0.0556936
0.05568
0.0556664
0.0556529
0.0556393
0.0556258
0.0556123
0.0555988
0.0555854
0.0555719
0.0555585
0.055545
0.0555316
0.0555182
0.0555049
0.0554915
0.0554782
0.0554649
0.0554515
0.0554383
0.055425
0.0554117
0.0553985
0.0553853
0.055372
0.0553589
0.0553457
0.0553325
0.0553194
0.0553062
0.0552931
0.05528
0.0552669
0.0552539
0.0552408
0.0552278
0.0552148
0.0552017
0.0551888
0.0551758
0.0551628
0.0551499
0.0551369
0.055124
0.0551111
0.0550982
0.0550854
0.0550725
0.0550597
0.0550469
0.055034
0.0550213
0.0550085
0.0549957
0.054983
0.0549702
0.0549575
0.0549448
0.0549321
0.0549194
0.0549068
0.0548941
0.0548815
0.0548688
0.0548562
0.0548436
0.0548311
0.0548185
0.054806
0.0547934
0.0547809
0.0547684
0.0547559
0.0547434
0.054731
0.0547185
0.0547061
0.0546936
0.0546812
0.0546688
0.0546564
0.0546441
0.0546317
0.0546194
0.054607
0.0545947
0.0545824
0.0545701
0.0545579
0.0545456
0.0545334
0.0545211
0.0545089
0.0544967
0.0544845
0.0544723
0.0544601
0.054448
0.0544358
0.0544237
0.0544116
0.0543995
0.0543874
0.0543753
0.0543633
0.0543512
0.0543392
0.0543271
0.0543151
0.0543031
0.0542911
0.0542792
0.0542672
0.0542553
0.0542433
0.0542314
0.0542195
0.0542076
0.0541957
0.0541838
0.0541719
0.0541601
0.0541483
0.0541364
0.0541246
0.0541128
0.054101
0.0540892
0.0540775
0.0540657
0.054054
0.0540422
0.0540305
0.0540188
0.0540071
0.0539954
0.0539838
0.0539721
0.0539605
0.0539488
0.0539372
0.0539256
0.053914
0.0539024
0.0538908
0.0538793
0.0538677
0.0538562
0.0538446
0.0538331
0.0538216
0.0538101
0.0537986
0.0537872
0.0537757
0.0537643
0.0537528
0.0537414
0.05373
0.0537186
0.0537072
0.0536958
0.0536844
0.0536731
0.0536617
0.0536504
0.0536391
0.0536277
0.0536164
0.0536051
0.0535939
0.0535826
0.0535713
0.0535601
0.0535488
0.0535376
0.0535264
0.0535152
0.053504
0.0534928
0.0534816
0.0534705
0.0534593
0.0534482
0.053437
0.0534259
0.0534148
0.0534037
0.0533926
0.0533815
0.0533705
0.0533594
0.0533483
0.0533373
0.0533263
0.0533153
0.0533043
0.0532933
0.0532823
0.0532713
0.0532603
0.0532494
0.0532384
0.0532275
0.0532166
0.0532057
0.0531948
0.0531839
0.053173
0.0531621
0.0531512
0.0531404
0.0531295
0.0531187
0.0531079
0.0530971
0.0530863
0.0530755
0.0530647
0.0530539
0.0530431
0.0530324
0.0530216
0.0530109
0.0530002
0.0529895
0.0529787
0.0529681
0.0529574
0.0529467
0.052936
0.0529254
0.0529147
0.0529041
0.0528934
0.0528828
0.0528722
0.0528616
0.052851
0.0528404
0.0528299
0.0528193
0.0528087
0.0527982
0.0527876
0.0527771
0.0527666
0.0527561
0.0527456
0.0527351
0.0527246
0.0527142
0.0527037
0.0526932
0.0526828
0.0526724
0.0526619
0.0526515
0.0526411
0.0526307
0.0526203
0.0526099
0.0525996
0.0525892
0.0525788
0.0525685
0.0525582
0.0525478
0.0525375
0.0525272
0.0525169
0.0525066
0.0524963
0.052486
0.0524758
0.0524655
0.0524553
0.052445
0.0524348
0.0524246
0.0524144
0.0524042
0.052394
0.0523838
0.0523736
0.0523634
0.0523533
0.0523431
0.052333
0.0523228
0.0523127
0.0523026
0.0522925
0.0522824
0.0522723
0.0522622
0.0522521
0.052242
0.052232
0.0522219
0.0522119
0.0522018
0.0521918
0.0521818
0.0521718
0.0521618
0.0521518
0.0521418
0.0521318
0.0521218
0.0521119
0.0521019
0.052092
0.052082
0.0520721
0.0520622
0.0520523
0.0520424
0.0520325
0.0520226
0.0520127
0.0520028
0.051993
0.0519831
0.0519733
0.0519634
0.0519536
0.0519438
0.0519339
0.0519241
0.0519143
0.0519045
0.0518947
0.051885
0.0518752
0.0518654
0.0518557
0.0518459
0.0518362
0.0518265
0.0518167
0.051807
0.0517973
0.0517876
0.0517779
0.0517682
0.0517585
0.0517489
0.0517392
0.0517295
0.0517199
0.0517103
0.0517006
0.051691
0.0516814
0.0516718
0.0516622
0.0516526
0.051643
0.0516334
0.0516238
0.0516143
0.0516047
0.0515951
0.0515856
0.0515761
0.0515665
0.051557
0.0515475
0.051538
0.0515285
0.051519
0.0515095
0.0515
0.0514906
0.0514811
0.0514716
0.0514622
0.0514527
0.0514433
0.0514339
0.0514245
0.051415
0.0514056
0.0513962
0.0513868
0.0513775
0.0513681
0.0513587
0.0513493
0.05134
0.0513306
0.0513213
0.051312
0.0513026
0.0512933
0.051284
0.0512747
0.0512654
0.0512561
0.0512468
0.0512375
0.0512282
0.051219
0.0512097
0.0512005
0.0511912
0.051182
0.0511727
0.0511635
0.0511543
0.0511451
0.0511359
0.0511267
0.0511175
0.0511083
0.0510991
0.0510899
0.0510808
0.0510716
0.0510625
0.0510533
0.0510442
0.0510351
0.0510259
0.0510168
0.0510077
0.0509986
0.0509895
0.0509804
0.0509713
0.0509622
0.0509532
0.0509441
0.050935
0.050926
0.0509169
0.0509079
0.0508989
0.0508898
0.0508808
0.0508718
0.0508628
0.0508538
0.0508448
0.0508358
0.0508268
0.0508178
0.0508089
0.0507999
0.050791
0.050782
0.0507731
0.0507641
0.0507552
0.0507463
0.0507373
0.0507284
0.0507195
0.0507106
0.0507017
0.0506928
0.050684
0.0506751
0.0506662
0.0506573
0.0506485
0.0506396
0.0506308
0.050622
0.0506131
0.0506043
0.0505955
0.0505867
0.0505779
0.0505691
0.0505603
0.0505515
0.0505427
0.0505339
0.0505251
0.0505164
0.0505076
0.0504989
0.0504901
0.0504814
0.0504726
0.0504639
0.0504552
0.0504465
0.0504377
0.050429
0.0504203
0.0504116
0.050403
0.0503943
0.0503856
0.0503769
0.0503683
0.0503596
0.050351
0.0503423
0.0503337
0.050325
0.0503164
0.0503078
0.0502992
0.0502905
0.0502819
0.0502733
0.0502647
0.0502562
0.0502476
0.050239
0.0502304
0.0502219
0.0502133
0.0502047
0.0501962
0.0501876
0.0501791
0.0501706
0.0501621
0.0501535
0.050145
0.0501365
0.050128
0.0501195
0.050111
0.0501025
0.050094
0.0500856
0.0500771
0.0500686
0.0500602
0.0500517
0.0500433
0.0500348
0.0500264
0.050018
0.0500095
0.0500011
0.0499927
0.0499843
0.0499759
0.0499675
0.0499591
0.0499507
0.0499423
0.0499339
0.0499256
0.0499172
0.0499088
0.0499005
0.0498921
0.0498838
0.0498755
0.0498671
0.0498588
0.0498505
0.0498421
0.0498338
0.0498255
0.0498172
0.0498089
0.0498006
0.0497923
0.0497841
0.0497758
0.0497675
0.0497593
0.049751
0.0497427
0.0497345
0.0497262
0.049718
0.0497098
0.0497015
0.0496933
0.0496851
0.0496769
0.0496687
0.0496605
0.0496523
0.0496441
0.0496359
0.0496277
0.0496195
0.0496114
0.0496032
0.049595
0.0495869
0.0495787
0.0495706
0.0495625
0.0495543
0.0495462
0.0495381
0.0495299
0.0495218
0.0495137
0.0495056
0.0494975
0.0494894
0.0494813
0.0494732
0.0494651
0.0494571
0.049449
0.0494409
0.0494329
0.0494248
0.0494168
0.0494087
0.0494007
0.0493926
0.0493846
0.0493766
0.0493686
0.0493605
0.0493525
0.0493445
0.0493365
0.0493285
0.0493205
0.0493125
0.0493046
0.0492966
0.0492886
0.0492806
0.0492727
0.0492647
0.0492568
0.0492488
0.0492409
0.0492329
0.049225
0.0492171
0.0492091
0.0492012
0.0491933
0.0491854
0.0491775
0.0491696
0.0491617
0.0491538
0.0491459
0.049138
0.0491302
0.0491223
0.0491144
0.0491066
0.0490987
0.0490908
0.049083
0.0490751
0.0490673
0.0490595
0.0490516
0.0490438
0.049036
0.0490282
0.0490204
0.0490125
0.0490047
0.0489969
0.0489892
0.0489814
0.0489736
0.0489658
0.048958
0.0489502
0.0489425
0.0489347
0.048927
0.0489192
0.0489115
0.0489037
0.048896
0.0488882
0.0488805
0.0488728
0.0488651
0.0488573
0.0488496
0.0488419
0.0488342
0.0488265
0.0488188
0.0488111
0.0488034
0.0487958
0.0487881
0.0487804
0.0487727
0.0487651
0.0487574
0.0487498
0.0487421
0.0487345
0.0487268
0.0487192
0.0487116
0.0487039
0.0486963
0.0486887
0.0486811
0.0486735
0.0486658
0.0486582
0.0486506
0.0486431
0.0486355
0.0486279
0.0486203
0.0486127
0.0486051
0.0485976
0.04859
0.0485825
0.0485749
0.0485673
0.0485598
0.0485523
0.0485447
0.0485372
0.0485297
0.0485221
0.0485146
0.0485071
0.0484996
0.0484921
0.0484846
0.0484771
0.0484696
0.0484621
0.0484546
0.0484471
0.0484396
0.0484321
0.0484247
0.0484172
0.0484097
0.0484023
0.0483948
0.0483874
0.0483799
0.0483725
0.048365
0.0483576
0.0483502
0.0483428
0.0483353
0.0483279
0.0483205
0.0483131
0.0483057
0.0482983
0.0482909
0.0482835
0.0482761
0.0482687
0.0482613
0.048254
0.0482466
0.0482392
0.0482319
0.0482245
0.0482171
0.0482098
0.0482024
0.0481951
0.0481877
0.0481804
0.0481731
0.0481657
0.0481584
0.0481511
0.0481438
0.0481365
0.0481292
0.0481219
0.0481145
0.0481073
0.0481
0.0480927
0.0480854
0.0480781
0.0480708
0.0480635
0.0480563
0.048049
0.0480417
0.0480345
0.0480272
0.04802
0.0480127
0.0480055
0.0479983
0.047991
0.0479838
0.0479766
0.0479693
0.0479621
0.0479549
0.0479477
0.0479405
0.0479333
0.0479261
0.0479189
0.0479117
0.0479045
0.0478973
0.0478901
0.0478829
0.0478758
0.0478686
0.0478614
0.0478543
0.0478471
0.04784
0.0478328
0.0478257
0.0478185
0.0478114
0.0478042
0.0477971
0.04779
0.0477829
0.0477757
0.0477686
0.0477615
0.0477544
0.0477473
0.0477402
0.0477331
0.047726
0.0477189
0.0477118
0.0477047
0.0476976
0.0476906
0.0476835
0.0476764
0.0476693
0.0476623
0.0476552
0.0476482
0.0476411
0.0476341
0.047627
0.04762
0.0476129
0.0476059
0.0475989
0.0475919
0.0475848
0.0475778
0.0475708
0.0475638
0.0475568
0.0475498
0.0475428
0.0475358
0.0475288
0.0475218
0.0475148
0.0475078
0.0475008
0.0474939
0.0474869
0.0474799
0.047473
0.047466
0.047459
0.0474521
0.0474451
0.0474382
0.0474312
0.0474243
0.0474174
0.0474104
0.0474035
0.0473966
0.0473896
0.0473827
0.0473758
0.0473689
0.047362
0.0473551
0.0473482
0.0473413
0.0473344
0.0473275
0.0473206
0.0473137
0.0473068
0.0472999
0.0472931
0.0472862
0.0472793
0.0472725
0.0472656
0.0472587
0.0472519
0.047245
0.0472382
0.0472314
0.0472245
0.0472177
0.0472108
0.047204
0.0471972
0.0471904
0.0471835
0.0471767
0.0471699
0.0471631
0.0471563
0.0471495
0.0471427
0.0471359
0.0471291
0.0471223
0.0471155
0.0471087
0.0471019
0.0470952
0.0470884
0.0470816
0.0470749
0.0470681
0.0470613
0.0470546
0.0470478
0.0470411
0.0470343
0.0470276
0.0470208
0.0470141
0.0470074
0.0470006
0.0469939
0.0469872
0.0469805
0.0469737
0.046967
0.0469603
0.0469536
0.0469469
0.0469402
0.0469335
0.0469268
0.0469201
0.0469134
0.0469067
0.0469001
0.0468934
0.0468867
0.04688
0.0468734
0.0468667
0.04686
0.0468534
0.0468467
0.0468401
0.0468334
0.0468268
0.0468201
0.0468135
0.0468068
0.0468002
0.0467936
0.0467869
0.0467803
0.0467737
0.0467671
0.0467605
0.0467538
0.0467472
0.0467406
0.046734
0.0467274
0.0467208
0.0467142
0.0467076
0.0467011
0.0466945
0.0466879
0.0466813
0.0466747
0.0466682
0.0466616
0.046655
0.0466485
0.0466419
0.0466353
0.0466288
0.0466222
0.0466157
0.0466092
0.0466026
0.0465961
0.0465895
0.046583
0.0465765
0.04657
0.0465634
0.0465569
0.0465504
0.0465439
0.0465374
0.0465309
0.0465244
0.0465179
0.0465114
0.0465049
0.0464984
0.0464919
0.0464854
0.0464789
0.0464724
0.0464659
0.0464595
0.046453
0.0464465
0.0464401
0.0464336
0.0464271
0.0464207
0.0464142
0.0464078
0.0464013
0.0463949
0.0463884
0.046382
0.0463756
0.0463691
0.0463627
0.0463563
0.0463499
0.0463434
0.046337
0.0463306
0.0463242
0.0463178
0.0463114
0.046305
0.0462986
0.0462922
0.0462858
0.0462795
0.0462731
0.0462668
0.0462605
0.0462542
0.046248
0.0462418
0.0462357
0.0462297
0.0462238
0.0462182
0.0462129
0.0462079
0.0462035
0.0461999
0.0461974
0.0461963
