0.101099
0.101099
0.101099
0.101098
0.101098
0.101098
0.101097
0.101097
0.101097
0.101096
0.101096
0.101095
0.101095
0.101094
0.101094
0.101093
0.101093
0.101092
0.101092
0.101091
0.101091
0.10109
0.10109
0.101089
0.101089
0.101088
0.101088
0.101087
0.101087
0.101086
0.101085
0.101085
0.101084
0.101084
0.101083
0.101083
0.101082
0.101082
0.101081
0.101081
0.10108
0.101079
0.101079
0.101078
0.101078
0.101077
0.101077
0.101076
0.101076
0.101075
0.101074
0.101074
0.101073
0.101073
0.101072
0.101072
0.101071
0.101071
0.10107
0.101069
0.101069
0.101068
0.101068
0.101067
0.101067
0.101066
0.101066
0.101065
0.101065
0.101064
0.101063
0.101063
0.101062
0.101062
0.101061
0.101061
0.10106
0.10106
0.101059
0.101058
0.101058
0.101057
0.101057
0.101056
0.101056
0.101055
0.101055
0.101054
0.101053
0.101053
0.101052
0.101052
0.101051
0.101051
0.10105
0.10105
0.101049
0.101049
0.101048
0.101047
0.101047
0.101046
0.101046
0.101045
0.101045
0.101044
0.101044
0.101043
0.101042
0.101042
0.101041
0.101041
0.10104
0.10104
0.101039
0.101039
0.101038
0.101037
0.101037
0.101036
0.101036
0.101035
0.101035
0.101034
0.101034
0.101033
0.101033
0.101032
0.101031
0.101031
0.10103
0.10103
0.101029
0.101029
0.101028
0.101028
0.101027
0.101026
0.101026
0.101025
0.101025
0.101024
0.101024
0.101023
0.101023
0.101022
0.101021
0.101021
0.10102
0.10102
0.101019
0.101019
0.101018
0.101018
0.101017
0.101017
0.101016
0.101015
0.101015
0.101014
0.101014
0.101013
0.101013
0.101012
0.101012
0.101011
0.10101
0.10101
0.101009
0.101009
0.101008
0.101008
0.101007
0.101007
0.101006
0.101005
0.101005
0.101004
0.101004
0.101003
0.101003
0.101002
0.101002
0.101001
0.101001
0.101
0.100999
0.100999
0.100998
0.100998
0.100997
0.100997
0.100996
0.100996
0.100995
0.100994
0.100994
0.100993
0.100993
0.100992
0.100992
0.100991
0.100991
0.10099
0.100989
0.100989
0.100988
0.100988
0.100987
0.100987
0.100986
0.100986
0.100985
0.100985
0.100984
0.100983
0.100983
0.100982
0.100982
0.100981
0.100981
0.10098
0.10098
0.100979
0.100978
0.100978
0.100977
0.100977
0.100976
0.100976
0.100975
0.100975
0.100974
0.100973
0.100973
0.100972
0.100972
0.100971
0.100971
0.10097
0.10097
0.100969
0.100968
0.100968
0.100967
0.100967
0.100966
0.100966
0.100965
0.100965
0.100964
0.100964
0.100963
0.100962
0.100962
0.100961
0.100961
0.10096
0.10096
0.100959
0.100959
0.100958
0.100957
0.100957
0.100956
0.100956
0.100955
0.100955
0.100954
0.100954
0.100953
0.100952
0.100952
0.100951
0.100951
0.10095
0.10095
0.100949
0.100949
0.100948
0.100948
0.100947
0.100946
0.100946
0.100945
0.100945
0.100944
0.100944
0.100943
0.100943
0.100942
0.100941
0.100941
0.10094
0.10094
0.100939
0.100939
0.100938
0.100938
0.100937
0.100936
0.100936
0.100935
0.100935
0.100934
0.100934
0.100933
0.100933
0.100932
0.100932
0.100931
0.10093
0.10093
0.100929
0.100929
0.100928
0.100928
0.100927
0.100927
0.100926
0.100925
0.100925
0.100924
0.100924
0.100923
0.100923
0.100922
0.100922
0.100921
0.10092
0.10092
0.100919
0.100919
0.100918
0.100918
0.100917
0.100917
0.100916
0.100916
0.100915
0.100914
0.100914
0.100913
0.100913
0.100912
0.100912
0.100911
0.100911
0.10091
0.100909
0.100909
0.100908
0.100908
0.100907
0.100907
0.100906
0.100906
0.100905
0.100904
0.100904
0.100903
0.100903
0.100902
0.100902
0.100901
0.100901
0.1009
0.1009
0.100899
0.100898
0.100898
0.100897
0.100897
0.100896
0.100896
0.100895
0.100895
0.100894
0.100893
0.100893
0.100892
0.100892
0.100891
0.100891
0.10089
0.10089
0.100889
0.100888
0.100888
0.100887
0.100887
0.100886
0.100886
0.100885
0.100885
0.100884
0.100884
0.100883
0.100882
0.100882
0.100881
0.100881
0.10088
0.10088
0.100879
0.100879
0.100878
0.100877
0.100877
0.100876
0.100876
0.100875
0.100875
0.100874
0.100874
0.100873
0.100872
0.100872
0.100871
0.100871
0.10087
0.10087
0.100869
0.100869
0.100868
0.100867
0.100867
0.100866
0.100866
0.100865
0.100865
0.100864
0.100864
0.100863
0.100863
0.100862
0.100861
0.100861
0.10086
0.10086
0.100859
0.100859
0.100858
0.100858
0.100857
0.100856
0.100856
0.100855
0.100855
0.100854
0.100854
0.100853
0.100853
0.100852
0.100851
0.100851
0.10085
0.10085
0.100849
0.100849
0.100848
0.100848
0.100847
0.100847
0.100846
0.100845
0.100845
0.100844
0.100844
0.100843
0.100843
0.100842
0.100842
0.100841
0.10084
0.10084
0.100839
0.100839
0.100838
0.100838
0.100837
0.100837
0.100836
0.100835
0.100835
0.100834
0.100834
0.100833
0.100833
0.100832
0.100832
0.100831
0.100831
0.10083
0.100829
0.100829
0.100828
0.100828
0.100827
0.100827
0.100826
0.100826
0.100825
0.100824
0.100824
0.100823
0.100823
0.100822
0.100822
0.100821
0.100821
0.10082
0.100819
0.100819
0.100818
0.100818
0.100817
0.100817
0.100816
0.100816
0.100815
0.100815
0.100814
0.100813
0.100813
0.100812
0.100812
0.100811
0.100811
0.10081
0.10081
0.100809
0.100808
0.100808
0.100807
0.100807
0.100806
0.100806
0.100805
0.100805
0.100804
0.100803
0.100803
0.100802
0.100802
0.100801
0.100801
0.1008
0.1008
0.100799
0.100798
0.100798
0.100797
0.100797
0.100796
0.100796
0.100795
0.100795
0.100794
0.100794
0.100793
0.100792
0.100792
0.100791
0.100791
0.10079
0.10079
0.100789
0.100789
0.100788
0.100787
0.100787
0.100786
0.100786
0.100785
0.100785
0.100784
0.100784
0.100783
0.100782
0.100782
0.100781
0.100781
0.10078
0.10078
0.100779
0.100779
0.100778
0.100778
0.100777
0.100776
0.100776
0.100775
0.100775
0.100774
0.100774
0.100773
0.100773
0.100772
0.100771
0.100771
0.10077
0.10077
0.100769
0.100769
0.100768
0.100768
0.100767
0.100766
0.100766
0.100765
0.100765
0.100764
0.100764
0.100763
0.100763
0.100762
0.100761
0.100761
0.10076
0.10076
0.100759
0.100759
0.100758
0.100758
0.100757
0.100757
0.100756
0.100755
0.100755
0.100754
0.100754
0.100753
0.100753
0.100752
0.100752
0.100751
0.10075
0.10075
0.100749
0.100749
0.100748
0.100748
0.100747
0.100747
0.100746
0.100745
0.100745
0.100744
0.100744
0.100743
0.100743
0.100742
0.100742
0.100741
0.100741
0.10074
0.100739
0.100739
0.100738
0.100738
0.100737
0.100737
0.100736
0.100736
0.100735
0.100734
0.100734
0.100733
0.100733
0.100732
0.100732
0.100731
0.100731
0.10073
0.100729
0.100729
0.100728
0.100728
0.100727
0.100727
0.100726
0.100726
0.100725
0.100724
0.100724
0.100723
0.100723
0.100722
0.100722
0.100721
0.100721
0.10072
0.10072
0.100719
0.100718
0.100718
0.100717
0.100717
0.100716
0.100716
0.100715
0.100715
0.100714
0.100713
0.100713
0.100712
0.100712
0.100711
0.100711
0.10071
0.10071
0.100709
0.100708
0.100708
0.100707
0.100707
0.100706
0.100706
0.100705
0.100705
0.100704
0.100704
0.100703
0.100702
0.100702
0.100701
0.100701
0.1007
0.1007
0.100699
0.100699
0.100698
0.100697
0.100697
0.100696
0.100696
0.100695
0.100695
0.100694
0.100694
0.100693
0.100692
0.100692
0.100691
0.100691
0.10069
0.10069
0.100689
0.100689
0.100688
0.100687
0.100687
0.100686
0.100686
0.100685
0.100685
0.100684
0.100684
0.100683
0.100683
0.100682
0.100681
0.100681
0.10068
0.10068
0.100679
0.100679
0.100678
0.100678
0.100677
0.100676
0.100676
0.100675
0.100675
0.100674
0.100674
0.100673
0.100673
0.100672
0.100671
0.100671
0.10067
0.10067
0.100669
0.100669
0.100668
0.100668
0.100667
0.100666
0.100666
0.100665
0.100665
0.100664
0.100664
0.100663
0.100663
0.100662
0.100661
0.100661
0.10066
0.10066
0.100659
0.100659
0.100658
0.100658
0.100657
0.100657
0.100656
0.100655
0.100655
0.100654
0.100654
0.100653
0.100653
0.100652
0.100652
0.100651
0.10065
0.10065
0.100649
0.100649
0.100648
0.100648
0.100647
0.100647
0.100646
0.100645
0.100645
0.100644
0.100644
0.100643
0.100643
0.100642
0.100642
0.100641
0.10064
0.10064
0.100639
0.100639
0.100638
0.100638
0.100637
0.100637
0.100636
0.100636
0.100635
0.100634
0.100634
0.100633
0.100633
0.100632
0.100632
0.100631
0.100631
0.10063
0.100629
0.100629
0.100628
0.100628
0.100627
0.100627
0.100626
0.100626
0.100625
0.100624
0.100624
0.100623
0.100623
0.100622
0.100622
0.100621
0.100621
0.10062
0.100619
0.100619
0.100618
0.100618
0.100617
0.100617
0.100616
0.100616
0.100615
0.100614
0.100614
0.100613
0.100613
0.100612
0.100612
0.100611
0.100611
0.10061
0.10061
0.100609
0.100608
0.100608
0.100607
0.100607
0.100606
0.100606
0.100605
0.100605
0.100604
0.100603
0.100603
0.100602
0.100602
0.100601
0.100601
0.1006
0.1006
0.100599
0.100598
0.100598
0.100597
0.100597
0.100596
0.100596
0.100595
0.100595
0.100594
0.100593
0.100593
0.100592
0.100592
0.100591
0.100591
0.10059
0.10059
0.100589
0.100588
0.100588
0.100587
0.100587
0.100586
0.100586
0.100585
0.100585
0.100584
0.100583
0.100583
0.100582
0.100582
0.100581
0.100581
0.10058
0.10058
0.100579
0.100578
0.100578
0.100577
0.100577
0.100576
0.100576
0.100575
0.100575
0.100574
0.100574
0.100573
0.100572
0.100572
0.100571
0.100571
0.10057
0.10057
0.100569
0.100569
0.100568
0.100567
0.100567
0.100566
0.100566
0.100565
0.100565
0.100564
0.100564
0.100563
0.100562
0.100562
0.100561
0.100561
0.10056
0.10056
0.100559
0.100559
0.100558
0.100557
0.100557
0.100556
0.100556
0.100555
0.100555
0.100554
0.100554
0.100553
0.100552
0.100552
0.100551
0.100551
0.10055
0.10055
0.100549
0.100549
0.100548
0.100547
0.100547
0.100546
0.100546
0.100545
0.100545
0.100544
0.100544
0.100543
0.100542
0.100542
0.100541
0.100541
0.10054
0.10054
0.100539
0.100539
0.100538
0.100537
0.100537
0.100536
0.100536
0.100535
0.100535
0.100534
0.100534
0.100533
0.100532
0.100532
0.100531
0.100531
0.10053
0.10053
0.100529
0.100529
0.100528
0.100527
0.100527
0.100526
0.100526
0.100525
0.100525
0.100524
0.100524
0.100523
0.100522
0.100522
0.100521
0.100521
0.10052
0.10052
0.100519
0.100519
0.100518
0.100517
0.100517
0.100516
0.100516
0.100515
0.100515
0.100514
0.100514
0.100513
0.100512
0.100512
0.100511
0.100511
0.10051
0.10051
0.100509
0.100509
0.100508
0.100507
0.100507
0.100506
0.100506
0.100505
0.100505
0.100504
0.100504
0.100503
0.100502
0.100502
0.100501
0.100501
0.1005
0.1005
0.100499
0.100499
0.100498
0.100497
0.100497
0.100496
0.100496
0.100495
0.100495
0.100494
0.100494
0.100493
0.100492
0.100492
0.100491
0.100491
0.10049
0.10049
0.100489
0.100489
0.100488
0.100487
0.100487
0.100486
0.100486
0.100485
0.100485
0.100484
0.100484
0.100483
0.100482
0.100482
0.100481
0.100481
0.10048
0.10048
0.100479
0.100479
0.100478
0.100477
0.100477
0.100476
0.100476
0.100475
0.100475
0.100474
0.100474
0.100473
0.100472
0.100472
0.100471
0.100471
0.10047
0.10047
0.100469
0.100469
0.100468
0.100467
0.100467
0.100466
0.100466
0.100465
0.100465
0.100464
0.100464
0.100463
0.100462
0.100462
0.100461
0.100461
0.10046
0.10046
0.100459
0.100459
0.100458
0.100457
0.100457
0.100456
0.100456
0.100455
0.100455
0.100454
0.100454
0.100453
0.100452
0.100452
0.100451
0.100451
0.10045
0.10045
0.100449
0.100449
0.100448
0.100447
0.100447
0.100446
0.100446
0.100445
0.100445
0.100444
0.100444
0.100443
0.100442
0.100442
0.100441
0.100441
0.10044
0.10044
0.100439
0.100438
0.100438
0.100437
0.100437
0.100436
0.100436
0.100435
0.100435
0.100434
0.100433
0.100433
0.100432
0.100432
0.100431
0.100431
0.10043
0.10043
0.100429
0.100428
0.100428
0.100427
0.100427
0.100426
0.100426
0.100425
0.100425
0.100424
0.100423
0.100423
0.100422
0.100422
0.100421
0.100421
0.10042
0.10042
0.100419
0.100418
0.100418
0.100417
0.100417
0.100416
0.100416
0.100415
0.100414
0.100414
0.100413
0.100413
0.100412
0.100412
0.100411
0.100411
0.10041
0.100409
0.100409
0.100408
0.100408
0.100407
0.100407
0.100406
0.100406
0.100405
0.100404
0.100404
0.100403
0.100403
0.100402
0.100402
0.100401
0.100401
0.1004
0.100399
0.100399
0.100398
0.100398
0.100397
0.100397
0.100396
0.100395
0.100395
0.100394
0.100394
0.100393
0.100393
0.100392
0.100392
0.100391
0.10039
0.10039
0.100389
0.100389
0.100388
0.100388
0.100387
0.100387
0.100386
0.100385
0.100385
0.100384
0.100384
0.100383
0.100383
0.100382
0.100381
0.100381
0.10038
0.10038
0.100379
0.100379
0.100378
0.100378
0.100377
0.100376
0.100376
0.100375
0.100375
0.100374
0.100374
0.100373
0.100373
0.100372
0.100371
0.100371
0.10037
0.10037
0.100369
0.100369
0.100368
0.100367
0.100367
0.100366
0.100366
0.100365
0.100365
0.100364
0.100364
0.100363
0.100362
0.100362
0.100361
0.100361
0.10036
0.10036
0.100359
0.100359
0.100358
0.100357
0.100357
0.100356
0.100356
0.100355
0.100355
0.100354
0.100353
0.100353
0.100352
0.100352
0.100351
0.100351
0.10035
0.10035
0.100349
0.100348
0.100348
0.100347
0.100347
0.100346
0.100346
0.100345
0.100344
0.100344
0.100343
0.100343
0.100342
0.100342
0.100341
0.100341
0.10034
0.100339
0.100339
0.100338
0.100338
0.100337
0.100337
0.100336
0.100335
0.100335
0.100334
0.100334
0.100333
0.100332
0.100332
0.100331
0.100331
0.10033
0.100329
0.100329
0.100328
0.100327
0.100327
0.100326
0.100325
0.100324
0.100324
0.100323
0.100322
0.100321
0.10032
0.100319
0.100318
0.100316
0.100315
0.100313
0.100311
0.10031
0.100307
0.100305
0.100302
0.100299
0.100296
0.100292
0.100287
0.100282
0.100276
0.100269
0.100261
0.100252
0.100241
0.100228
0.100214
0.100198
0.100178
0.100156
0.10013
0.1001
0.100065
0.100025
0.0999779
0.0999234
0.0998602
0.0997869
0.099702
0.0996036
0.0994899
0.0993585
0.0992068
0.0990321
0.0988311
0.0986004
0.0983363
0.0980347
0.0976913
0.0973019
0.0968619
0.096367
0.0958133
0.095197
0.0945155
0.0937669
0.0929506
0.0920676
0.0911205
0.0901137
0.0890535
0.0879481
0.0868069
0.0856409
0.0844616
0.0832811
0.0821111
0.0809629
0.0798467
0.0787714
0.0777443
0.0767712
0.0758561
0.0750015
0.0742086
0.0734771
0.072806
0.0721932
0.0716362
0.0711317
0.0706766
0.0702672
0.0698999
0.0695714
0.0692781
0.0690168
0.0687843
0.0685779
0.0683949
0.0682327
0.0680892
0.0679624
0.0678503
0.0677513
0.0676641
0.0675871
0.0675192
0.0674594
0.0674068
0.0673604
0.0673195
0.0672835
0.0672518
0.0672239
0.0671994
0.0671777
0.0671587
0.0671419
0.0671271
0.067114
0.0671025
0.0670924
0.0670834
0.0670755
0.0670684
0.0670622
0.0670567
0.0670518
0.0670475
0.0670436
0.0670402
0.0670371
0.0670344
0.0670319
0.0670297
0.0670277
0.0670259
0.0670242
0.0670227
0.0670214
0.0670201
0.067019
0.0670179
0.0670169
0.067016
0.0670151
0.0670143
0.0670136
0.0670128
0.0670122
0.0670115
0.0670109
0.0670103
0.0670097
0.0670091
0.0670086
0.0670081
0.0670075
0.067007
0.0670065
0.067006
0.0670055
0.0670051
0.0670046
0.0670041
0.0670037
0.0670032
0.0670027
0.0670023
0.0670018
0.0670014
0.0670009
0.0670005
0.0670001
0.0669996
0.0669992
0.0669987
0.0669983
0.0669979
0.0669974
0.066997
0.0669965
0.0669961
0.0669957
0.0669952
0.0669948
0.0669944
0.0669939
0.0669935
0.0669931
0.0669926
0.0669922
0.0669918
0.0669913
0.0669909
0.0669905
0.0669901
0.0669896
0.0669892
0.0669888
0.0669883
0.0669879
0.0669875
0.066987
0.0669866
0.0669862
0.0669857
0.0669853
0.0669849
0.0669844
0.066984
0.0669836
0.0669832
0.0669827
0.0669823
0.0669819
0.0669814
0.066981
0.0669806
0.0669801
0.0669797
0.0669793
0.0669789
0.0669784
0.066978
0.0669776
0.0669771
0.0669767
0.0669763
0.0669758
0.0669754
0.066975
0.0669746
0.0669741
0.0669737
0.0669733
0.0669728
0.0669724
0.066972
0.0669716
0.0669711
0.0669707
0.0669703
0.0669698
0.0669694
0.066969
0.0669685
0.0669681
0.0669677
0.0669673
0.0669668
0.0669664
0.066966
0.0669655
0.0669651
0.0669647
0.0669643
0.0669638
0.0669634
0.066963
0.0669625
0.0669621
0.0669617
0.0669613
0.0669608
0.0669604
0.06696
0.0669595
0.0669591
0.0669587
0.0669583
0.0669578
0.0669574
0.066957
0.0669565
0.0669561
0.0669557
0.0669553
0.0669548
0.0669544
0.066954
0.0669535
0.0669531
0.0669527
0.0669523
0.0669518
0.0669514
0.066951
0.0669506
0.0669501
0.0669497
0.0669493
0.0669488
0.0669484
0.066948
0.0669476
0.0669471
0.0669467
0.0669463
0.0669458
0.0669454
0.066945
0.0669446
0.0669441
0.0669437
0.0669433
0.0669429
0.0669424
0.066942
0.0669416
0.0669411
0.0669407
0.0669403
0.0669399
0.0669394
0.066939
0.0669386
0.0669382
0.0669377
0.0669373
0.0669369
0.0669364
0.066936
0.0669356
0.0669352
0.0669347
0.0669343
0.0669339
0.0669335
0.066933
0.0669326
0.0669322
0.0669317
0.0669313
0.0669309
0.0669305
0.06693
0.0669296
0.0669292
0.0669288
0.0669283
0.0669279
0.0669275
0.066927
0.0669266
0.0669262
0.0669258
0.0669253
0.0669249
0.0669245
0.0669241
0.0669236
0.0669232
0.0669228
0.0669224
0.0669219
0.0669215
0.0669211
0.0669206
0.0669202
0.0669198
0.0669194
0.0669189
0.0669185
0.0669181
0.0669177
0.0669172
0.0669168
0.0669164
0.066916
0.0669155
0.0669151
0.0669147
0.0669143
0.0669138
0.0669134
0.066913
0.0669125
0.0669121
0.0669117
0.0669113
0.0669108
0.0669104
0.06691
0.0669096
0.0669091
0.0669087
0.0669083
0.0669079
0.0669074
0.066907
0.0669066
0.0669061
0.0669057
0.0669053
0.0669049
0.0669044
0.066904
0.0669036
0.0669032
0.0669027
0.0669023
0.0669019
0.0669015
0.066901
0.0669006
0.0669002
0.0668998
0.0668993
0.0668989
0.0668985
0.066898
0.0668976
0.0668972
0.0668968
0.0668963
0.0668959
0.0668955
0.0668951
0.0668946
0.0668942
0.0668938
0.0668934
0.0668929
0.0668925
0.0668921
0.0668917
0.0668912
0.0668908
0.0668904
0.0668899
0.0668895
0.0668891
0.0668887
0.0668882
0.0668878
0.0668874
0.066887
0.0668865
0.0668861
0.0668857
0.0668853
0.0668848
0.0668844
0.066884
0.0668836
0.0668831
0.0668827
0.0668823
0.0668818
0.0668814
0.066881
0.0668806
0.0668801
0.0668797
0.0668793
0.0668789
0.0668784
0.066878
0.0668776
0.0668772
0.0668767
0.0668763
0.0668759
0.0668754
0.066875
0.0668746
0.0668742
0.0668737
0.0668733
0.0668729
0.0668725
0.066872
0.0668716
0.0668712
0.0668708
0.0668703
0.0668699
0.0668695
0.066869
0.0668686
0.0668682
0.0668678
0.0668673
0.0668669
0.0668665
0.0668661
0.0668656
0.0668652
0.0668648
0.0668644
0.0668639
0.0668635
0.0668631
0.0668626
0.0668622
0.0668618
0.0668614
0.0668609
0.0668605
0.0668601
0.0668597
0.0668592
0.0668588
0.0668584
0.0668579
0.0668575
0.0668571
0.0668567
0.0668562
0.0668558
0.0668554
0.066855
0.0668545
0.0668541
0.0668537
0.0668532
0.0668528
0.0668524
0.066852
0.0668515
0.0668511
0.0668507
0.0668503
0.0668498
0.0668494
0.066849
0.0668485
0.0668481
0.0668477
0.0668473
0.0668468
0.0668464
0.066846
0.0668456
0.0668451
0.0668447
0.0668443
0.0668438
0.0668434
0.066843
0.0668426
0.0668421
0.0668417
0.0668413
0.0668408
0.0668404
0.06684
0.0668396
0.0668391
0.0668387
0.0668383
0.0668378
0.0668374
0.066837
0.0668366
0.0668361
0.0668357
0.0668353
0.0668349
0.0668344
0.066834
0.0668336
0.0668331
0.0668327
0.0668323
0.0668319
0.0668314
0.066831
0.0668306
0.0668301
0.0668297
0.0668293
0.0668289
0.0668284
0.066828
0.0668276
0.0668271
0.0668267
0.0668263
0.0668258
0.0668254
0.066825
0.0668246
0.0668241
0.0668237
0.0668233
0.0668228
0.0668224
0.066822
0.0668216
0.0668211
0.0668207
0.0668203
0.0668198
0.0668194
0.066819
0.0668186
0.0668181
0.0668177
0.0668173
0.0668168
0.0668164
0.066816
0.0668155
0.0668151
0.0668147
0.0668143
0.0668138
0.0668134
0.066813
0.0668125
0.0668121
0.0668117
0.0668112
0.0668108
0.0668104
0.06681
0.0668095
0.0668091
0.0668087
0.0668082
0.0668078
0.0668074
0.0668069
0.0668065
0.0668061
0.0668057
0.0668052
0.0668048
0.0668044
0.0668039
0.0668035
0.0668031
0.0668026
0.0668022
0.0668018
0.0668013
0.0668009
0.0668005
0.0668001
0.0667996
0.0667992
0.0667988
0.0667983
0.0667979
0.0667975
0.066797
0.0667966
0.0667962
0.0667957
0.0667953
0.0667949
0.0667944
0.066794
0.0667936
0.0667931
0.0667927
0.0667923
0.0667919
0.0667914
0.066791
0.0667906
0.0667901
0.0667897
0.0667893
0.0667888
0.0667884
0.066788
0.0667875
0.0667871
0.0667867
0.0667862
0.0667858
0.0667854
0.0667849
0.0667845
0.0667841
0.0667836
0.0667832
0.0667828
0.0667823
0.0667819
0.0667815
0.066781
0.0667806
0.0667802
0.0667797
0.0667793
0.0667789
0.0667784
0.066778
0.0667776
0.0667771
0.0667767
0.0667763
0.0667758
0.0667754
0.066775
0.0667745
0.0667741
0.0667737
0.0667732
0.0667728
0.0667724
0.0667719
0.0667715
0.0667711
0.0667706
0.0667702
0.0667698
0.0667693
0.0667689
0.0667685
0.066768
0.0667676
0.0667672
0.0667667
0.0667663
0.0667659
0.0667654
0.066765
0.0667646
0.0667641
0.0667637
0.0667632
0.0667628
0.0667624
0.0667619
0.0667615
0.0667611
0.0667606
0.0667602
0.0667598
0.0667593
0.0667589
0.0667585
0.066758
0.0667576
0.0667572
0.0667567
0.0667563
0.0667558
0.0667554
0.066755
0.0667545
0.0667541
0.0667537
0.0667532
0.0667528
0.0667524
0.0667519
0.0667515
0.066751
0.0667506
0.0667502
0.0667497
0.0667493
0.0667489
0.0667484
0.066748
0.0667475
0.0667471
0.0667467
0.0667462
0.0667458
0.0667454
0.0667449
0.0667445
0.0667441
0.0667436
0.0667432
0.0667427
0.0667423
0.0667419
0.0667414
0.066741
0.0667405
0.0667401
0.0667397
0.0667392
0.0667388
0.0667384
0.0667379
0.0667375
0.066737
0.0667366
0.0667362
0.0667357
0.0667353
0.0667348
0.0667344
0.066734
0.0667335
0.0667331
0.0667327
0.0667322
0.0667318
0.0667313
0.0667309
0.0667305
0.06673
0.0667296
0.0667291
0.0667287
0.0667283
0.0667278
0.0667274
0.0667269
0.0667265
0.0667261
0.0667256
0.0667252
0.0667247
0.0667243
0.0667239
0.0667234
0.066723
0.0667225
0.0667221
0.0667217
0.0667212
0.0667208
0.0667203
0.0667199
0.0667195
0.066719
0.0667186
0.0667181
0.0667177
0.0667172
0.0667168
0.0667164
0.0667159
0.0667155
0.066715
0.0667146
0.0667142
0.0667137
0.0667133
0.0667128
0.0667124
0.0667119
0.0667115
0.0667111
0.0667106
0.0667102
0.0667097
0.0667093
0.0667088
0.0667084
0.066708
0.0667075
0.0667071
0.0667066
0.0667062
0.0667057
0.0667053
0.0667049
0.0667044
0.066704
0.0667035
0.0667031
0.0667026
0.0667022
0.0667018
0.0667013
0.0667009
0.0667004
0.0667
0.0666995
0.0666991
0.0666986
0.0666982
0.0666978
0.0666973
0.0666969
0.0666964
0.066696
0.0666955
0.0666951
0.0666946
0.0666942
0.0666938
0.0666933
0.0666929
0.0666924
0.066692
0.0666915
0.0666911
0.0666906
0.0666902
0.0666897
0.0666893
0.0666889
0.0666884
0.066688
0.0666875
0.0666871
0.0666866
0.0666862
0.0666857
0.0666853
0.0666848
0.0666844
0.0666839
0.0666835
0.0666831
0.0666826
0.0666822
0.0666817
0.0666813
0.0666808
0.0666804
0.0666799
0.0666795
0.066679
0.0666786
0.0666781
0.0666777
0.0666772
0.0666768
0.0666763
0.0666759
0.0666754
0.066675
0.0666746
0.0666741
0.0666737
0.0666732
0.0666728
0.0666723
0.0666719
0.0666714
0.066671
0.0666705
0.0666701
0.0666696
0.0666692
0.0666687
0.0666683
0.0666678
0.0666674
0.0666669
0.0666665
0.066666
0.0666656
0.0666651
0.0666647
0.0666642
0.0666638
0.0666633
0.0666629
0.0666624
0.066662
0.0666615
0.0666611
0.0666606
0.0666602
0.0666597
0.0666593
0.0666588
0.0666584
0.0666579
0.0666575
0.066657
0.0666566
0.0666561
0.0666557
0.0666552
0.0666548
0.0666543
0.0666538
0.0666534
0.0666529
0.0666525
0.066652
0.0666516
0.0666511
0.0666507
0.0666502
0.0666498
0.0666493
0.0666489
0.0666484
0.066648
0.0666475
0.0666471
0.0666466
0.0666462
0.0666457
0.0666452
0.0666448
0.0666443
0.0666439
0.0666434
0.066643
0.0666425
0.0666421
0.0666416
0.0666412
0.0666407
0.0666403
0.0666398
0.0666393
0.0666389
0.0666384
0.066638
0.0666375
0.0666371
0.0666366
0.0666362
0.0666357
0.0666352
0.0666348
0.0666343
0.0666339
0.0666334
0.066633
0.0666325
0.0666321
0.0666316
0.0666311
0.0666307
0.0666302
0.0666298
0.0666293
0.0666289
0.0666284
0.066628
0.0666275
0.066627
0.0666266
0.0666261
0.0666257
0.0666252
0.0666248
0.0666243
0.0666238
0.0666234
0.0666229
0.0666225
0.066622
0.0666215
0.0666211
0.0666206
0.0666202
0.0666197
0.0666193
0.0666188
0.0666183
0.0666179
0.0666174
0.066617
0.0666165
0.066616
0.0666156
0.0666151
0.0666147
0.0666142
0.0666138
0.0666133
0.0666128
0.0666124
0.0666119
0.0666115
0.066611
0.0666105
0.0666101
0.0666096
0.0666092
0.0666087
0.0666082
0.0666078
0.0666073
0.0666068
0.0666064
0.0666059
0.0666055
0.066605
0.0666045
0.0666041
0.0666036
0.0666032
0.0666027
0.0666022
0.0666018
0.0666013
0.0666009
0.0666004
0.0665999
0.0665995
0.066599
0.0665985
0.0665981
0.0665976
0.0665972
0.0665967
0.0665962
0.0665958
0.0665953
0.0665948
0.0665944
0.0665939
0.0665934
0.066593
0.0665925
0.0665921
0.0665916
0.0665911
0.0665907
0.0665902
0.0665897
0.0665893
0.0665888
0.0665883
0.0665879
0.0665874
0.066587
0.0665865
0.066586
0.0665856
0.0665851
0.0665846
0.0665842
0.0665837
0.0665832
0.0665828
0.0665823
0.0665818
0.0665814
0.0665809
0.0665804
0.06658
0.0665795
0.066579
0.0665786
0.0665781
0.0665776
0.0665772
0.0665767
0.0665762
0.0665758
0.0665753
0.0665748
0.0665744
0.0665739
0.0665734
0.066573
0.0665725
0.066572
0.0665716
0.0665711
0.0665706
0.0665702
0.0665697
0.0665692
0.0665688
0.0665683
0.0665678
0.0665674
0.0665669
0.0665664
0.0665659
0.0665655
0.066565
0.0665645
0.0665641
0.0665636
0.0665631
0.0665627
0.0665622
0.0665617
0.0665613
0.0665608
0.0665603
0.0665598
0.0665594
0.0665589
0.0665584
0.066558
0.0665575
0.066557
0.0665566
0.0665561
0.0665556
0.0665551
0.0665547
0.0665542
0.0665537
0.0665533
0.0665528
0.0665523
0.0665518
0.0665514
0.0665509
0.0665504
0.06655
0.0665495
0.066549
0.0665485
0.0665481
0.0665476
0.0665471
0.0665466
0.0665462
0.0665457
0.0665452
0.0665448
0.0665443
0.0665438
0.0665433
0.0665429
0.0665424
0.0665419
0.0665414
0.066541
0.0665405
0.06654
0.0665395
0.0665391
0.0665386
0.0665381
0.0665376
0.0665372
0.0665367
0.0665362
0.0665357
0.0665353
0.0665348
0.0665343
0.0665338
0.0665334
0.0665329
0.0665324
0.0665319
0.0665315
0.066531
0.0665305
0.06653
0.0665296
0.0665291
0.0665286
0.0665281
0.0665277
0.0665272
0.0665267
0.0665262
0.0665257
0.0665253
0.0665248
0.0665243
0.0665238
0.0665234
0.0665229
0.0665224
0.0665219
0.0665215
0.066521
0.0665205
0.06652
0.0665195
0.0665191
0.0665186
0.0665181
0.0665176
0.0665171
0.0665167
0.0665162
0.0665157
0.0665152
0.0665148
0.0665143
0.0665138
0.0665133
0.0665128
0.0665124
0.0665119
0.0665114
0.0665109
0.0665104
0.06651
0.0665095
0.066509
0.0665085
0.066508
0.0665075
0.0665071
0.0665066
0.0665061
0.0665056
0.0665051
0.0665047
0.0665042
0.0665037
0.0665032
0.0665027
0.0665023
0.0665018
0.0665013
0.0665008
0.0665003
0.0664998
0.0664994
0.0664989
0.0664984
0.0664979
0.0664974
0.0664969
0.0664965
0.066496
0.0664955
0.066495
0.0664945
0.066494
0.0664936
0.0664931
0.0664926
0.0664921
0.0664916
0.0664911
0.0664907
0.0664902
0.0664897
0.0664892
0.0664887
0.0664882
0.0664878
0.0664873
0.0664868
0.0664863
0.0664858
0.0664853
0.0664848
0.0664844
0.0664839
0.0664834
0.0664829
0.0664824
0.0664819
0.0664814
0.066481
0.0664805
0.06648
0.0664795
0.066479
0.0664785
0.066478
0.0664775
0.0664771
0.0664766
0.0664761
0.0664756
0.0664751
0.0664746
0.0664741
0.0664736
0.0664732
0.0664727
0.0664722
0.0664717
0.0664712
0.0664707
0.0664702
0.0664697
0.0664693
0.0664688
0.0664683
0.0664678
0.0664673
0.0664668
0.0664663
0.0664658
0.0664653
0.0664649
0.0664644
0.0664639
0.0664634
0.0664629
0.0664624
0.0664619
0.0664614
0.0664609
0.0664604
0.06646
0.0664595
0.066459
0.0664585
0.066458
0.0664575
0.066457
0.0664565
0.066456
0.0664555
0.066455
0.0664545
0.0664541
0.0664536
0.0664531
0.0664526
0.0664521
0.0664516
0.0664511
0.0664506
0.0664501
0.0664496
0.0664491
0.0664486
0.0664481
0.0664477
0.0664472
0.0664467
0.0664462
0.0664457
0.0664452
0.0664447
0.0664442
0.0664437
0.0664432
0.0664427
0.0664422
0.0664417
0.0664412
0.0664407
0.0664402
0.0664398
0.0664393
0.0664388
0.0664383
0.0664378
0.0664373
0.0664368
0.0664363
0.0664358
0.0664353
0.0664348
0.0664343
0.0664338
0.0664333
0.0664328
0.0664323
0.0664318
0.0664313
0.0664308
0.0664303
0.0664298
0.0664293
0.0664288
0.0664283
0.0664279
0.0664274
0.0664269
0.0664264
0.0664259
0.0664254
0.0664249
0.0664244
0.0664239
0.0664234
0.0664229
0.0664224
0.0664219
0.0664214
0.0664209
0.0664204
0.0664199
0.0664194
0.0664189
0.0664184
0.0664179
0.0664174
0.0664169
0.0664164
0.0664159
0.0664154
0.0664149
0.0664144
0.0664139
0.0664134
0.0664129
0.0664124
0.0664119
0.0664114
0.0664109
0.0664104
0.0664099
0.0664094
0.0664089
0.0664084
0.0664079
0.0664074
0.0664069
0.0664064
0.0664059
0.0664054
0.0664049
0.0664044
0.0664039
0.0664034
0.0664029
0.0664024
0.0664019
0.0664014
0.0664009
0.0664004
0.0663999
0.0663994
0.0663989
0.0663984
0.0663978
0.0663973
0.0663968
0.0663963
0.0663958
0.0663953
0.0663948
0.0663943
0.0663938
0.0663933
0.0663928
0.0663923
0.0663918
0.0663913
0.0663908
0.0663903
0.0663898
0.0663893
0.0663888
0.0663883
0.0663878
0.0663873
0.0663868
0.0663863
0.0663857
0.0663852
0.0663847
0.0663842
0.0663837
0.0663832
0.0663827
0.0663822
0.0663817
0.0663812
0.0663807
0.0663802
0.0663797
0.0663792
0.0663787
0.0663782
0.0663776
0.0663771
0.0663766
0.0663761
0.0663756
0.0663751
0.0663746
0.0663741
0.0663736
0.0663731
0.0663726
0.0663721
0.0663716
0.0663711
0.0663705
0.06637
0.0663695
0.066369
0.0663685
0.066368
0.0663675
0.066367
0.0663665
0.066366
0.0663655
0.066365
0.0663645
0.066364
0.0663635
0.066363
0.0663625
0.066362
0.0663615
0.066361
0.0663605
0.06636
0.0663595
0.066359
0.0663585
0.066358
0.0663576
0.0663571
0.0663566
0.0663562
0.0663557
0.0663553
0.0663548
0.0663544
0.066354
0.0663536
0.0663532
0.0663529
0.0663525
0.0663522
0.066352
0.0663517
0.0663515
0.0663514
0.0663513
0.0663512
