0.106144
0.106144
0.106143
0.106142
0.10614
0.106138
0.106136
0.106134
0.106132
0.106129
0.106127
0.106124
0.106121
0.106119
0.106116
0.106113
0.10611
0.106107
0.106105
0.106102
0.106099
0.106096
0.106093
0.10609
0.106088
0.106085
0.106082
0.106079
0.106076
0.106073
0.10607
0.106067
0.106065
0.106062
0.106059
0.106056
0.106053
0.10605
0.106047
0.106044
0.106042
0.106039
0.106036
0.106033
0.10603
0.106027
0.106024
0.106021
0.106018
0.106016
0.106013
0.10601
0.106007
0.106004
0.106001
0.105998
0.105995
0.105992
0.10599
0.105987
0.105984
0.105981
0.105978
0.105975
0.105972
0.105969
0.105966
0.105963
0.10596
0.105958
0.105955
0.105952
0.105949
0.105946
0.105943
0.10594
0.105937
0.105934
0.105931
0.105928
0.105925
0.105923
0.10592
0.105917
0.105914
0.105911
0.105908
0.105905
0.105902
0.105899
0.105896
0.105893
0.10589
0.105887
0.105885
0.105882
0.105879
0.105876
0.105873
0.10587
0.105867
0.105864
0.105861
0.105858
0.105855
0.105852
0.105849
0.105846
0.105843
0.10584
0.105837
0.105835
0.105832
0.105829
0.105826
0.105823
0.10582
0.105817
0.105814
0.105811
0.105808
0.105805
0.105802
0.105799
0.105796
0.105793
0.10579
0.105787
0.105784
0.105781
0.105778
0.105775
0.105772
0.105769
0.105766
0.105763
0.10576
0.105758
0.105755
0.105752
0.105749
0.105746
0.105743
0.10574
0.105737
0.105734
0.105731
0.105728
0.105725
0.105722
0.105719
0.105716
0.105713
0.10571
0.105707
0.105704
0.105701
0.105698
0.105695
0.105692
0.105689
0.105686
0.105683
0.10568
0.105677
0.105674
0.105671
0.105668
0.105665
0.105662
0.105659
0.105656
0.105653
0.10565
0.105647
0.105644
0.105641
0.105638
0.105635
0.105632
0.105629
0.105626
0.105623
0.10562
0.105617
0.105614
0.105611
0.105608
0.105605
0.105602
0.105599
0.105595
0.105592
0.105589
0.105586
0.105583
0.10558
0.105577
0.105574
0.105571
0.105568
0.105565
0.105562
0.105559
0.105556
0.105553
0.10555
0.105547
0.105544
0.105541
0.105538
0.105535
0.105532
0.105529
0.105526
0.105523
0.105519
0.105516
0.105513
0.10551
0.105507
0.105504
0.105501
0.105498
0.105495
0.105492
0.105489
0.105486
0.105483
0.10548
0.105477
0.105474
0.10547
0.105467
0.105464
0.105461
0.105458
0.105455
0.105452
0.105449
0.105446
0.105443
0.10544
0.105437
0.105434
0.10543
0.105427
0.105424
0.105421
0.105418
0.105415
0.105412
0.105409
0.105406
0.105403
0.1054
0.105396
0.105393
0.10539
0.105387
0.105384
0.105381
0.105378
0.105375
0.105372
0.105369
0.105365
0.105362
0.105359
0.105356
0.105353
0.10535
0.105347
0.105344
0.105341
0.105337
0.105334
0.105331
0.105328
0.105325
0.105322
0.105319
0.105316
0.105313
0.105309
0.105306
0.105303
0.1053
0.105297
0.105294
0.105291
0.105287
0.105284
0.105281
0.105278
0.105275
0.105272
0.105269
0.105266
0.105262
0.105259
0.105256
0.105253
0.10525
0.105247
0.105244
0.10524
0.105237
0.105234
0.105231
0.105228
0.105225
0.105221
0.105218
0.105215
0.105212
0.105209
0.105206
0.105202
0.105199
0.105196
0.105193
0.10519
0.105187
0.105183
0.10518
0.105177
0.105174
0.105171
0.105168
0.105164
0.105161
0.105158
0.105155
0.105152
0.105149
0.105145
0.105142
0.105139
0.105136
0.105133
0.105129
0.105126
0.105123
0.10512
0.105117
0.105113
0.10511
0.105107
0.105104
0.105101
0.105097
0.105094
0.105091
0.105088
0.105085
0.105081
0.105078
0.105075
0.105072
0.105069
0.105065
0.105062
0.105059
0.105056
0.105052
0.105049
0.105046
0.105043
0.10504
0.105036
0.105033
0.10503
0.105027
0.105023
0.10502
0.105017
0.105014
0.105011
0.105007
0.105004
0.105001
0.104998
0.104994
0.104991
0.104988
0.104985
0.104981
0.104978
0.104975
0.104972
0.104968
0.104965
0.104962
0.104959
0.104955
0.104952
0.104949
0.104946
0.104942
0.104939
0.104936
0.104933
0.104929
0.104926
0.104923
0.10492
0.104916
0.104913
0.10491
0.104906
0.104903
0.1049
0.104897
0.104893
0.10489
0.104887
0.104883
0.10488
0.104877
0.104874
0.10487
0.104867
0.104864
0.10486
0.104857
0.104854
0.104851
0.104847
0.104844
0.104841
0.104837
0.104834
0.104831
0.104828
0.104824
0.104821
0.104818
0.104814
0.104811
0.104808
0.104804
0.104801
0.104798
0.104794
0.104791
0.104788
0.104784
0.104781
0.104778
0.104775
0.104771
0.104768
0.104765
0.104761
0.104758
0.104755
0.104751
0.104748
0.104745
0.104741
0.104738
0.104735
0.104731
0.104728
0.104725
0.104721
0.104718
0.104714
0.104711
0.104708
0.104704
0.104701
0.104698
0.104694
0.104691
0.104688
0.104684
0.104681
0.104678
0.104674
0.104671
0.104667
0.104664
0.104661
0.104657
0.104654
0.104651
0.104647
0.104644
0.104641
0.104637
0.104634
0.10463
0.104627
0.104624
0.10462
0.104617
0.104613
0.10461
0.104607
0.104603
0.1046
0.104596
0.104593
0.10459
0.104586
0.104583
0.10458
0.104576
0.104573
0.104569
0.104566
0.104562
0.104559
0.104556
0.104552
0.104549
0.104545
0.104542
0.104539
0.104535
0.104532
0.104528
0.104525
0.104521
0.104518
0.104515
0.104511
0.104508
0.104504
0.104501
0.104497
0.104494
0.104491
0.104487
0.104484
0.10448
0.104477
0.104473
0.10447
0.104467
0.104463
0.10446
0.104456
0.104453
0.104449
0.104446
0.104442
0.104439
0.104435
0.104432
0.104429
0.104425
0.104422
0.104418
0.104415
0.104411
0.104408
0.104404
0.104401
0.104397
0.104394
0.10439
0.104387
0.104383
0.10438
0.104376
0.104373
0.104369
0.104366
0.104362
0.104359
0.104355
0.104352
0.104348
0.104345
0.104341
0.104338
0.104334
0.104331
0.104327
0.104324
0.10432
0.104317
0.104313
0.10431
0.104306
0.104303
0.104299
0.104296
0.104292
0.104289
0.104285
0.104282
0.104278
0.104275
0.104271
0.104268
0.104264
0.104261
0.104257
0.104254
0.10425
0.104246
0.104243
0.104239
0.104236
0.104232
0.104229
0.104225
0.104222
0.104218
0.104215
0.104211
0.104207
0.104204
0.1042
0.104197
0.104193
0.10419
0.104186
0.104182
0.104179
0.104175
0.104172
0.104168
0.104165
0.104161
0.104157
0.104154
0.10415
0.104147
0.104143
0.10414
0.104136
0.104132
0.104129
0.104125
0.104122
0.104118
0.104114
0.104111
0.104107
0.104104
0.1041
0.104096
0.104093
0.104089
0.104086
0.104082
0.104078
0.104075
0.104071
0.104068
0.104064
0.10406
0.104057
0.104053
0.104049
0.104046
0.104042
0.104039
0.104035
0.104031
0.104028
0.104024
0.10402
0.104017
0.104013
0.104009
0.104006
0.104002
0.103998
0.103995
0.103991
0.103988
0.103984
0.10398
0.103977
0.103973
0.103969
0.103966
0.103962
0.103958
0.103955
0.103951
0.103947
0.103944
0.10394
0.103936
0.103933
0.103929
0.103925
0.103921
0.103918
0.103914
0.10391
0.103907
0.103903
0.103899
0.103896
0.103892
0.103888
0.103885
0.103881
0.103877
0.103873
0.10387
0.103866
0.103862
0.103859
0.103855
0.103851
0.103847
0.103844
0.10384
0.103836
0.103833
0.103829
0.103825
0.103821
0.103818
0.103814
0.10381
0.103806
0.103803
0.103799
0.103795
0.103791
0.103788
0.103784
0.10378
0.103776
0.103773
0.103769
0.103765
0.103761
0.103758
0.103754
0.10375
0.103746
0.103743
0.103739
0.103735
0.103731
0.103728
0.103724
0.10372
0.103716
0.103712
0.103709
0.103705
0.103701
0.103697
0.103693
0.10369
0.103686
0.103682
0.103678
0.103675
0.103671
0.103667
0.103663
0.103659
0.103655
0.103652
0.103648
0.103644
0.10364
0.103636
0.103633
0.103629
0.103625
0.103621
0.103617
0.103613
0.10361
0.103606
0.103602
0.103598
0.103594
0.10359
0.103587
0.103583
0.103579
0.103575
0.103571
0.103567
0.103564
0.10356
0.103556
0.103552
0.103548
0.103544
0.10354
0.103536
0.103533
0.103529
0.103525
0.103521
0.103517
0.103513
0.103509
0.103505
0.103502
0.103498
0.103494
0.10349
0.103486
0.103482
0.103478
0.103474
0.10347
0.103467
0.103463
0.103459
0.103455
0.103451
0.103447
0.103443
0.103439
0.103435
0.103431
0.103427
0.103423
0.10342
0.103416
0.103412
0.103408
0.103404
0.1034
0.103396
0.103392
0.103388
0.103384
0.10338
0.103376
0.103372
0.103368
0.103364
0.10336
0.103356
0.103352
0.103349
0.103345
0.103341
0.103337
0.103333
0.103329
0.103325
0.103321
0.103317
0.103313
0.103309
0.103305
0.103301
0.103297
0.103293
0.103289
0.103285
0.103281
0.103277
0.103273
0.103269
0.103265
0.103261
0.103257
0.103253
0.103249
0.103245
0.103241
0.103237
0.103233
0.103229
0.103225
0.103221
0.103217
0.103213
0.103209
0.103204
0.1032
0.103196
0.103192
0.103188
0.103184
0.10318
0.103176
0.103172
0.103168
0.103164
0.10316
0.103156
0.103152
0.103148
0.103144
0.10314
0.103135
0.103131
0.103127
0.103123
0.103119
0.103115
0.103111
0.103107
0.103103
0.103099
0.103095
0.103091
0.103086
0.103082
0.103078
0.103074
0.10307
0.103066
0.103062
0.103058
0.103054
0.103049
0.103045
0.103041
0.103037
0.103033
0.103029
0.103025
0.10302
0.103016
0.103012
0.103008
0.103004
0.103
0.102996
0.102991
0.102987
0.102983
0.102979
0.102975
0.102971
0.102966
0.102962
0.102958
0.102954
0.10295
0.102946
0.102941
0.102937
0.102933
0.102929
0.102925
0.10292
0.102916
0.102912
0.102908
0.102904
0.102899
0.102895
0.102891
0.102887
0.102883
0.102878
0.102874
0.10287
0.102866
0.102861
0.102857
0.102853
0.102849
0.102845
0.10284
0.102836
0.102832
0.102828
0.102823
0.102819
0.102815
0.102811
0.102806
0.102802
0.102798
0.102793
0.102789
0.102785
0.102781
0.102776
0.102772
0.102768
0.102764
0.102759
0.102755
0.102751
0.102746
0.102742
0.102738
0.102733
0.102729
0.102725
0.102721
0.102716
0.102712
0.102708
0.102703
0.102699
0.102695
0.10269
0.102686
0.102682
0.102677
0.102673
0.102669
0.102664
0.10266
0.102656
0.102651
0.102647
0.102643
0.102638
0.102634
0.102629
0.102625
0.102621
0.102616
0.102612
0.102608
0.102603
0.102599
0.102594
0.10259
0.102586
0.102581
0.102577
0.102572
0.102568
0.102564
0.102559
0.102555
0.10255
0.102546
0.102542
0.102537
0.102533
0.102528
0.102524
0.102519
0.102515
0.102511
0.102506
0.102502
0.102497
0.102493
0.102488
0.102484
0.102479
0.102475
0.10247
0.102466
0.102462
0.102457
0.102453
0.102448
0.102444
0.102439
0.102435
0.10243
0.102426
0.102421
0.102417
0.102412
0.102408
0.102403
0.102399
0.102394
0.10239
0.102385
0.102381
0.102376
0.102372
0.102367
0.102363
0.102358
0.102353
0.102349
0.102344
0.10234
0.102335
0.102331
0.102326
0.102322
0.102317
0.102312
0.102308
0.102303
0.102299
0.102294
0.10229
0.102285
0.10228
0.102276
0.102271
0.102267
0.102262
0.102257
0.102253
0.102248
0.102244
0.102239
0.102234
0.10223
0.102225
0.102221
0.102216
0.102211
0.102207
0.102202
0.102197
0.102193
0.102188
0.102183
0.102179
0.102174
0.102169
0.102165
0.10216
0.102155
0.102151
0.102146
0.102141
0.102137
0.102132
0.102127
0.102123
0.102118
0.102113
0.102109
0.102104
0.102099
0.102094
0.10209
0.102085
0.10208
0.102076
0.102071
0.102066
0.102061
0.102057
0.102052
0.102047
0.102042
0.102038
0.102033
0.102028
0.102023
0.102019
0.102014
0.102009
0.102004
0.102
0.101995
0.10199
0.101985
0.10198
0.101976
0.101971
0.101966
0.101961
0.101956
0.101952
0.101947
0.101942
0.101937
0.101932
0.101928
0.101923
0.101918
0.101913
0.101908
0.101903
0.101898
0.101894
0.101889
0.101884
0.101879
0.101874
0.101869
0.101864
0.10186
0.101855
0.10185
0.101845
0.10184
0.101835
0.10183
0.101825
0.10182
0.101816
0.101811
0.101806
0.101801
0.101796
0.101791
0.101786
0.101781
0.101776
0.101771
0.101766
0.101761
0.101756
0.101751
0.101746
0.101741
0.101736
0.101732
0.101727
0.101722
0.101717
0.101712
0.101707
0.101702
0.101697
0.101692
0.101687
0.101682
0.101677
0.101672
0.101667
0.101662
0.101657
0.101651
0.101646
0.101641
0.101636
0.101631
0.101626
0.101621
0.101616
0.101611
0.101606
0.101601
0.101596
0.101591
0.101586
0.101581
0.101576
0.10157
0.101565
0.10156
0.101555
0.10155
0.101545
0.10154
0.101535
0.10153
0.101524
0.101519
0.101514
0.101509
0.101504
0.101499
0.101494
0.101488
0.101483
0.101478
0.101473
0.101468
0.101463
0.101457
0.101452
0.101447
0.101442
0.101437
0.101431
0.101426
0.101421
0.101416
0.10141
0.101405
0.1014
0.101395
0.10139
0.101384
0.101379
0.101374
0.101369
0.101363
0.101358
0.101353
0.101348
0.101342
0.101337
0.101332
0.101326
0.101321
0.101316
0.10131
0.101305
0.1013
0.101295
0.101289
0.101284
0.101279
0.101273
0.101268
0.101263
0.101257
0.101252
0.101246
0.101241
0.101236
0.10123
0.101225
0.10122
0.101214
0.101209
0.101203
0.101198
0.101193
0.101187
0.101182
0.101176
0.101171
0.101166
0.10116
0.101155
0.101149
0.101144
0.101138
0.101133
0.101127
0.101122
0.101116
0.101111
0.101106
0.1011
0.101095
0.101089
0.101084
0.101078
0.101073
0.101067
0.101061
0.101056
0.10105
0.101045
0.101039
0.101034
0.101028
0.101023
0.101017
0.101012
0.101006
0.101
0.100995
0.100989
0.100984
0.100978
0.100973
0.100967
0.100961
0.100956
0.10095
0.100944
0.100939
0.100933
0.100928
0.100922
0.100916
0.100911
0.100905
0.100899
0.100894
0.100888
0.100882
0.100877
0.100871
0.100865
0.100859
0.100854
0.100848
0.100842
0.100837
0.100831
0.100825
0.100819
0.100814
0.100808
0.100802
0.100796
0.10079
0.100785
0.100779
0.100773
0.100767
0.100761
0.100756
0.10075
0.100744
0.100738
0.100732
0.100726
0.10072
0.100714
0.100708
0.100702
0.100696
0.10069
0.100684
0.100678
0.100671
0.100665
0.100659
0.100652
0.100646
0.100639
0.100632
0.100625
0.100618
0.10061
0.100602
0.100594
0.100586
0.100577
0.100568
0.100558
0.100547
0.100536
0.100523
0.10051
0.100495
0.100479
0.100461
0.100441
0.100419
0.100394
0.100366
0.100334
0.100298
0.100256
0.100209
0.100155
0.100093
0.100022
0.0999406
0.0998467
0.0997387
0.0996144
0.0994714
0.0993071
0.0991184
0.098902
0.0986542
0.0983711
0.0980485
0.0976819
0.097267
0.096799
0.0962737
0.0956871
0.0950359
0.0943174
0.0935304
0.0926747
0.0917521
0.090766
0.0897218
0.0886266
0.0874895
0.0863208
0.0851321
0.0839355
0.0827432
0.0815671
0.0804183
0.0793065
0.0782401
0.0772258
0.0762686
0.0753718
0.0745373
0.0737656
0.0730558
0.0724063
0.0718148
0.0712781
0.0707931
0.0703562
0.0699637
0.069612
0.0692975
0.0690168
0.0687668
0.0685443
0.0683466
0.068171
0.0680152
0.067877
0.0677544
0.0676458
0.0675494
0.067464
0.0673882
0.0673209
0.0672611
0.0672079
0.0671606
0.0671183
0.0670806
0.0670468
0.0670165
0.0669893
0.0669647
0.0669425
0.0669224
0.0669041
0.0668874
0.0668721
0.066858
0.066845
0.0668329
0.0668217
0.0668111
0.0668013
0.0667919
0.0667831
0.0667747
0.0667666
0.0667589
0.0667515
0.0667444
0.0667374
0.0667307
0.0667241
0.0667177
0.0667114
0.0667053
0.0666992
0.0666932
0.0666873
0.0666815
0.0666757
0.06667
0.0666644
0.0666588
0.0666532
0.0666476
0.0666421
0.0666366
0.0666312
0.0666258
0.0666203
0.0666149
0.0666096
0.0666042
0.0665988
0.0665935
0.0665882
0.0665829
0.0665776
0.0665723
0.066567
0.0665617
0.0665564
0.0665512
0.0665459
0.0665407
0.0665354
0.0665302
0.0665249
0.0665197
0.0665145
0.0665093
0.0665041
0.0664989
0.0664937
0.0664885
0.0664833
0.0664781
0.066473
0.0664678
0.0664626
0.0664575
0.0664523
0.0664472
0.066442
0.0664369
0.0664317
0.0664266
0.0664215
0.0664164
0.0664112
0.0664061
0.066401
0.0663959
0.0663908
0.0663857
0.0663807
0.0663756
0.0663705
0.0663654
0.0663604
0.0663553
0.0663502
0.0663452
0.0663401
0.0663351
0.06633
0.066325
0.06632
0.0663149
0.0663099
0.0663049
0.0662999
0.0662949
0.0662899
0.0662849
0.0662799
0.0662749
0.0662699
0.0662649
0.0662599
0.0662549
0.06625
0.066245
0.0662401
0.0662351
0.0662301
0.0662252
0.0662202
0.0662153
0.0662104
0.0662054
0.0662005
0.0661956
0.0661907
0.0661858
0.0661808
0.0661759
0.066171
0.0661661
0.0661612
0.0661564
0.0661515
0.0661466
0.0661417
0.0661368
0.066132
0.0661271
0.0661222
0.0661174
0.0661125
0.0661077
0.0661028
0.066098
0.0660932
0.0660883
0.0660835
0.0660787
0.0660739
0.0660691
0.0660642
0.0660594
0.0660546
0.0660498
0.066045
0.0660402
0.0660355
0.0660307
0.0660259
0.0660211
0.0660163
0.0660116
0.0660068
0.066002
0.0659973
0.0659925
0.0659878
0.065983
0.0659783
0.0659736
0.0659688
0.0659641
0.0659594
0.0659547
0.0659499
0.0659452
0.0659405
0.0659358
0.0659311
0.0659264
0.0659217
0.065917
0.0659123
0.0659076
0.065903
0.0658983
0.0658936
0.0658889
0.0658843
0.0658796
0.065875
0.0658703
0.0658656
0.065861
0.0658564
0.0658517
0.0658471
0.0658424
0.0658378
0.0658332
0.0658286
0.0658239
0.0658193
0.0658147
0.0658101
0.0658055
0.0658009
0.0657963
0.0657917
0.0657871
0.0657825
0.065778
0.0657734
0.0657688
0.0657642
0.0657597
0.0657551
0.0657505
0.065746
0.0657414
0.0657369
0.0657323
0.0657278
0.0657232
0.0657187
0.0657142
0.0657096
0.0657051
0.0657006
0.0656961
0.0656915
0.065687
0.0656825
0.065678
0.0656735
0.065669
0.0656645
0.06566
0.0656555
0.065651
0.0656465
0.0656421
0.0656376
0.0656331
0.0656286
0.0656242
0.0656197
0.0656153
0.0656108
0.0656063
0.0656019
0.0655974
0.065593
0.0655886
0.0655841
0.0655797
0.0655753
0.0655708
0.0655664
0.065562
0.0655576
0.0655531
0.0655487
0.0655443
0.0655399
0.0655355
0.0655311
0.0655267
0.0655223
0.0655179
0.0655135
0.0655092
0.0655048
0.0655004
0.065496
0.0654917
0.0654873
0.0654829
0.0654786
0.0654742
0.0654698
0.0654655
0.0654611
0.0654568
0.0654525
0.0654481
0.0654438
0.0654394
0.0654351
0.0654308
0.0654265
0.0654221
0.0654178
0.0654135
0.0654092
0.0654049
0.0654006
0.0653963
0.065392
0.0653877
0.0653834
0.0653791
0.0653748
0.0653705
0.0653662
0.0653619
0.0653577
0.0653534
0.0653491
0.0653448
0.0653406
0.0653363
0.065332
0.0653278
0.0653235
0.0653193
0.065315
0.0653108
0.0653065
0.0653023
0.0652981
0.0652938
0.0652896
0.0652854
0.0652811
0.0652769
0.0652727
0.0652685
0.0652643
0.0652601
0.0652558
0.0652516
0.0652474
0.0652432
0.065239
0.0652348
0.0652307
0.0652265
0.0652223
0.0652181
0.0652139
0.0652097
0.0652056
0.0652014
0.0651972
0.065193
0.0651889
0.0651847
0.0651806
0.0651764
0.0651723
0.0651681
0.065164
0.0651598
0.0651557
0.0651515
0.0651474
0.0651433
0.0651391
0.065135
0.0651309
0.0651267
0.0651226
0.0651185
0.0651144
0.0651103
0.0651062
0.0651021
0.0650979
0.0650938
0.0650897
0.0650856
0.0650816
0.0650775
0.0650734
0.0650693
0.0650652
0.0650611
0.065057
0.065053
0.0650489
0.0650448
0.0650407
0.0650367
0.0650326
0.0650286
0.0650245
0.0650204
0.0650164
0.0650123
0.0650083
0.0650042
0.0650002
0.0649962
0.0649921
0.0649881
0.064984
0.06498
0.064976
0.064972
0.0649679
0.0649639
0.0649599
0.0649559
0.0649519
0.0649479
0.0649438
0.0649398
0.0649358
0.0649318
0.0649278
0.0649238
0.0649198
0.0649159
0.0649119
0.0649079
0.0649039
0.0648999
0.0648959
0.064892
0.064888
0.064884
0.06488
0.0648761
0.0648721
0.0648682
0.0648642
0.0648602
0.0648563
0.0648523
0.0648484
0.0648444
0.0648405
0.0648365
0.0648326
0.0648287
0.0648247
0.0648208
0.0648169
0.0648129
0.064809
0.0648051
0.0648012
0.0647972
0.0647933
0.0647894
0.0647855
0.0647816
0.0647777
0.0647738
0.0647699
0.064766
0.0647621
0.0647582
0.0647543
0.0647504
0.0647465
0.0647426
0.0647387
0.0647348
0.064731
0.0647271
0.0647232
0.0647193
0.0647155
0.0647116
0.0647077
0.0647039
0.0647
0.0646961
0.0646923
0.0646884
0.0646846
0.0646807
0.0646769
0.064673
0.0646692
0.0646653
0.0646615
0.0646577
0.0646538
0.06465
0.0646462
0.0646423
0.0646385
0.0646347
0.0646308
0.064627
0.0646232
0.0646194
0.0646156
0.0646118
0.064608
0.0646042
0.0646003
0.0645965
0.0645927
0.0645889
0.0645851
0.0645814
0.0645776
0.0645738
0.06457
0.0645662
0.0645624
0.0645586
0.0645548
0.0645511
0.0645473
0.0645435
0.0645398
0.064536
0.0645322
0.0645285
0.0645247
0.0645209
0.0645172
0.0645134
0.0645097
0.0645059
0.0645022
0.0644984
0.0644947
0.0644909
0.0644872
0.0644834
0.0644797
0.064476
0.0644722
0.0644685
0.0644648
0.064461
0.0644573
0.0644536
0.0644499
0.0644461
0.0644424
0.0644387
0.064435
0.0644313
0.0644276
0.0644239
0.0644202
0.0644165
0.0644128
0.0644091
0.0644054
0.0644017
0.064398
0.0643943
0.0643906
0.0643869
0.0643832
0.0643795
0.0643759
0.0643722
0.0643685
0.0643648
0.0643612
0.0643575
0.0643538
0.0643501
0.0643465
0.0643428
0.0643392
0.0643355
0.0643318
0.0643282
0.0643245
0.0643209
0.0643172
0.0643136
0.0643099
0.0643063
0.0643026
0.064299
0.0642954
0.0642917
0.0642881
0.0642845
0.0642808
0.0642772
0.0642736
0.0642699
0.0642663
0.0642627
0.0642591
0.0642555
0.0642518
0.0642482
0.0642446
0.064241
0.0642374
0.0642338
0.0642302
0.0642266
0.064223
0.0642194
0.0642158
0.0642122
0.0642086
0.064205
0.0642014
0.0641978
0.0641943
0.0641907
0.0641871
0.0641835
0.0641799
0.0641763
0.0641728
0.0641692
0.0641656
0.0641621
0.0641585
0.0641549
0.0641514
0.0641478
0.0641442
0.0641407
0.0641371
0.0641336
0.06413
0.0641265
0.0641229
0.0641194
0.0641158
0.0641123
0.0641087
0.0641052
0.0641017
0.0640981
0.0640946
0.0640911
0.0640875
0.064084
0.0640805
0.0640769
0.0640734
0.0640699
0.0640664
0.0640628
0.0640593
0.0640558
0.0640523
0.0640488
0.0640453
0.0640418
0.0640383
0.0640348
0.0640313
0.0640277
0.0640242
0.0640208
0.0640173
0.0640138
0.0640103
0.0640068
0.0640033
0.0639998
0.0639963
0.0639928
0.0639893
0.0639859
0.0639824
0.0639789
0.0639754
0.063972
0.0639685
0.063965
0.0639615
0.0639581
0.0639546
0.0639511
0.0639477
0.0639442
0.0639408
0.0639373
0.0639338
0.0639304
0.0639269
0.0639235
0.06392
0.0639166
0.0639131
0.0639097
0.0639063
0.0639028
0.0638994
0.0638959
0.0638925
0.0638891
0.0638856
0.0638822
0.0638788
0.0638753
0.0638719
0.0638685
0.0638651
0.0638617
0.0638582
0.0638548
0.0638514
0.063848
0.0638446
0.0638412
0.0638378
0.0638343
0.0638309
0.0638275
0.0638241
0.0638207
0.0638173
0.0638139
0.0638105
0.0638071
0.0638037
0.0638003
0.063797
0.0637936
0.0637902
0.0637868
0.0637834
0.06378
0.0637766
0.0637733
0.0637699
0.0637665
0.0637631
0.0637598
0.0637564
0.063753
0.0637497
0.0637463
0.0637429
0.0637396
0.0637362
0.0637328
0.0637295
0.0637261
0.0637228
0.0637194
0.0637161
0.0637127
0.0637094
0.063706
0.0637027
0.0636993
0.063696
0.0636926
0.0636893
0.0636859
0.0636826
0.0636793
0.0636759
0.0636726
0.0636693
0.0636659
0.0636626
0.0636593
0.063656
0.0636526
0.0636493
0.063646
0.0636427
0.0636394
0.063636
0.0636327
0.0636294
0.0636261
0.0636228
0.0636195
0.0636162
0.0636129
0.0636096
0.0636063
0.063603
0.0635997
0.0635964
0.0635931
0.0635898
0.0635865
0.0635832
0.0635799
0.0635766
0.0635733
0.06357
0.0635667
0.0635635
0.0635602
0.0635569
0.0635536
0.0635503
0.0635471
0.0635438
0.0635405
0.0635372
0.063534
0.0635307
0.0635274
0.0635242
0.0635209
0.0635176
0.0635144
0.0635111
0.0635079
0.0635046
0.0635013
0.0634981
0.0634948
0.0634916
0.0634883
0.0634851
0.0634818
0.0634786
0.0634753
0.0634721
0.0634689
0.0634656
0.0634624
0.0634591
0.0634559
0.0634527
0.0634494
0.0634462
0.063443
0.0634397
0.0634365
0.0634333
0.0634301
0.0634268
0.0634236
0.0634204
0.0634172
0.063414
0.0634107
0.0634075
0.0634043
0.0634011
0.0633979
0.0633947
0.0633915
0.0633883
0.0633851
0.0633819
0.0633787
0.0633754
0.0633722
0.063369
0.0633659
0.0633627
0.0633595
0.0633563
0.0633531
0.0633499
0.0633467
0.0633435
0.0633403
0.0633371
0.063334
0.0633308
0.0633276
0.0633244
0.0633212
0.0633181
0.0633149
0.0633117
0.0633085
0.0633054
0.0633022
0.063299
0.0632958
0.0632927
0.0632895
0.0632864
0.0632832
0.06328
0.0632769
0.0632737
0.0632706
0.0632674
0.0632642
0.0632611
0.0632579
0.0632548
0.0632516
0.0632485
0.0632453
0.0632422
0.0632391
0.0632359
0.0632328
0.0632296
0.0632265
0.0632233
0.0632202
0.0632171
0.0632139
0.0632108
0.0632077
0.0632046
0.0632014
0.0631983
0.0631952
0.063192
0.0631889
0.0631858
0.0631827
0.0631796
0.0631764
0.0631733
0.0631702
0.0631671
0.063164
0.0631609
0.0631578
0.0631546
0.0631515
0.0631484
0.0631453
0.0631422
0.0631391
0.063136
0.0631329
0.0631298
0.0631267
0.0631236
0.0631205
0.0631174
0.0631143
0.0631112
0.0631082
0.0631051
0.063102
0.0630989
0.0630958
0.0630927
0.0630896
0.0630866
0.0630835
0.0630804
0.0630773
0.0630742
0.0630712
0.0630681
0.063065
0.0630619
0.0630589
0.0630558
0.0630527
0.0630497
0.0630466
0.0630435
0.0630405
0.0630374
0.0630344
0.0630313
0.0630282
0.0630252
0.0630221
0.0630191
0.063016
0.063013
0.0630099
0.0630069
0.0630038
0.0630008
0.0629977
0.0629947
0.0629916
0.0629886
0.0629855
0.0629825
0.0629795
0.0629764
0.0629734
0.0629704
0.0629673
0.0629643
0.0629613
0.0629582
0.0629552
0.0629522
0.0629491
0.0629461
0.0629431
0.0629401
0.062937
0.062934
0.062931
0.062928
0.062925
0.0629219
0.0629189
0.0629159
0.0629129
0.0629099
0.0629069
0.0629039
0.0629009
0.0628978
0.0628948
0.0628918
0.0628888
0.0628858
0.0628828
0.0628798
0.0628768
0.0628738
0.0628708
0.0628678
0.0628648
0.0628618
0.0628589
0.0628559
0.0628529
0.0628499
0.0628469
0.0628439
0.0628409
0.0628379
0.062835
0.062832
0.062829
0.062826
0.062823
0.0628201
0.0628171
0.0628141
0.0628111
0.0628082
0.0628052
0.0628022
0.0627992
0.0627963
0.0627933
0.0627903
0.0627874
0.0627844
0.0627815
0.0627785
0.0627755
0.0627726
0.0627696
0.0627667
0.0627637
0.0627607
0.0627578
0.0627548
0.0627519
0.0627489
0.062746
0.062743
0.0627401
0.0627371
0.0627342
0.0627313
0.0627283
0.0627254
0.0627224
0.0627195
0.0627165
0.0627136
0.0627107
0.0627077
0.0627048
0.0627019
0.0626989
0.062696
0.0626931
0.0626901
0.0626872
0.0626843
0.0626814
0.0626784
0.0626755
0.0626726
0.0626697
0.0626668
0.0626638
0.0626609
0.062658
0.0626551
0.0626522
0.0626493
0.0626463
0.0626434
0.0626405
0.0626376
0.0626347
0.0626318
0.0626289
0.062626
0.0626231
0.0626202
0.0626173
0.0626144
0.0626115
0.0626086
0.0626057
0.0626028
0.0625999
0.062597
0.0625941
0.0625912
0.0625883
0.0625854
0.0625825
0.0625796
0.0625768
0.0625739
0.062571
0.0625681
0.0625652
0.0625623
0.0625595
0.0625566
0.0625537
0.0625508
0.0625479
0.0625451
0.0625422
0.0625393
0.0625364
0.0625336
0.0625307
0.0625278
0.062525
0.0625221
0.0625192
0.0625164
0.0625135
0.0625106
0.0625078
0.0625049
0.062502
0.0624992
0.0624963
0.0624935
0.0624906
0.0624878
0.0624849
0.0624821
0.0624792
0.0624763
0.0624735
0.0624706
0.0624678
0.062465
0.0624621
0.0624593
0.0624564
0.0624536
0.0624507
0.0624479
0.0624451
0.0624422
0.0624394
0.0624365
0.0624337
0.0624309
0.062428
0.0624252
0.0624224
0.0624195
0.0624167
0.0624139
0.062411
0.0624082
0.0624054
0.0624026
0.0623997
0.0623969
0.0623941
0.0623913
0.0623885
0.0623856
0.0623828
0.06238
0.0623772
0.0623744
0.0623716
0.0623687
0.0623659
0.0623631
0.0623603
0.0623575
0.0623547
0.0623519
0.0623491
0.0623463
0.0623435
0.0623407
0.0623379
0.0623351
0.0623322
0.0623294
0.0623267
0.0623239
0.0623211
0.0623183
0.0623155
0.0623127
0.0623099
0.0623071
0.0623043
0.0623015
0.0622987
0.0622959
0.0622931
0.0622904
0.0622876
0.0622848
0.062282
0.0622792
0.0622764
0.0622737
0.0622709
0.0622681
0.0622653
0.0622625
0.0622598
0.062257
0.0622542
0.0622514
0.0622487
0.0622459
0.0622431
0.0622404
0.0622376
0.0622348
0.0622321
0.0622293
0.0622265
0.0622238
0.062221
0.0622182
0.0622155
0.0622127
0.0622099
0.0622072
0.0622044
0.0622017
0.0621989
0.0621962
0.0621934
0.0621907
0.0621879
0.0621852
0.0621824
0.0621797
0.0621769
0.0621742
0.0621714
0.0621687
0.0621659
0.0621632
0.0621604
0.0621577
0.062155
0.0621522
0.0621495
0.0621467
0.062144
0.0621413
0.0621385
0.0621358
0.0621331
0.0621303
0.0621276
0.0621249
0.0621221
0.0621194
0.0621167
0.062114
0.0621112
0.0621085
0.0621058
0.0621031
0.0621003
0.0620976
0.0620949
0.0620922
0.0620894
0.0620867
0.062084
0.0620813
0.0620786
0.0620759
0.0620732
0.0620704
0.0620677
0.062065
0.0620623
0.0620596
0.0620569
0.0620542
0.0620515
0.0620488
0.0620461
0.0620434
0.0620407
0.062038
0.0620353
0.0620326
0.0620299
0.0620272
0.0620245
0.0620218
0.0620191
0.0620164
0.0620137
0.062011
0.0620083
0.0620056
0.0620029
0.0620002
0.0619975
0.0619948
0.0619921
0.0619895
0.0619868
0.0619841
0.0619814
0.0619787
0.061976
0.0619734
0.0619707
0.061968
0.0619653
0.0619626
0.06196
0.0619573
0.0619546
0.0619519
0.0619493
0.0619466
0.0619439
0.0619412
0.0619386
0.0619359
0.0619332
0.0619306
0.0619279
0.0619252
0.0619226
0.0619199
0.0619172
0.0619146
0.0619119
0.0619093
0.0619066
0.0619039
0.0619013
0.0618986
0.061896
0.0618933
0.0618907
0.061888
0.0618854
0.0618827
0.06188
0.0618774
0.0618747
0.0618721
0.0618694
0.0618668
0.0618642
0.0618615
0.0618589
0.0618562
0.0618536
0.0618509
0.0618483
0.0618457
0.061843
0.0618404
0.0618377
0.0618351
0.0618325
0.0618298
0.0618272
0.0618246
0.0618219
0.0618193
0.0618167
0.061814
0.0618114
0.0618088
0.0618061
0.0618035
0.0618009
0.0617983
0.0617956
0.061793
0.0617904
0.0617878
0.0617851
0.0617825
0.0617799
0.0617773
0.0617747
0.061772
0.0617694
0.0617668
0.0617642
0.0617616
0.061759
0.0617564
0.0617537
0.0617511
0.0617485
0.0617459
0.0617433
0.0617407
0.0617381
0.0617355
0.0617329
0.0617303
0.0617277
0.0617251
0.0617225
0.0617199
0.0617173
0.0617147
0.0617121
0.0617095
0.0617069
0.0617043
0.0617017
0.0616991
0.0616965
0.0616939
0.0616913
0.0616887
0.0616861
0.0616835
0.0616809
0.0616783
0.0616757
0.0616732
0.0616706
0.061668
0.0616654
0.0616628
0.0616602
0.0616577
0.0616551
0.0616525
0.0616499
0.0616473
0.0616448
0.0616422
0.0616396
0.061637
0.0616345
0.0616319
0.0616293
0.0616267
0.0616242
0.0616216
0.061619
0.0616165
0.0616139
0.0616114
0.0616088
0.0616062
0.0616037
0.0616011
0.0615986
0.0615961
0.0615935
0.061591
0.0615885
0.061586
0.0615835
0.0615811
0.0615786
0.0615762
0.0615738
0.0615714
0.0615691
0.0615668
0.0615646
0.0615625
0.0615605
0.0615585
0.0615567
0.061555
0.0615536
0.0615523
0.0615514
0.0615507
0.0615505
