1200 4
0 1 3 4 
1 2 4 5 
3 4 6 7 
4 5 7 8 
6 7 9 10 
7 8 10 11 
9 10 12 13 
10 11 13 14 
12 13 15 16 
13 14 16 17 
15 16 18 19 
16 17 19 20 
18 19 21 22 
19 20 22 23 
21 22 24 25 
22 23 25 26 
24 25 27 28 
25 26 28 29 
27 28 30 31 
28 29 31 32 
30 31 33 34 
31 32 34 35 
33 34 36 37 
34 35 37 38 
36 37 39 40 
37 38 40 41 
39 40 42 43 
40 41 43 44 
42 43 45 46 
43 44 46 47 
45 46 48 49 
46 47 49 50 
48 49 51 52 
49 50 52 53 
51 52 54 55 
52 53 55 56 
54 55 57 58 
55 56 58 59 
57 58 60 61 
58 59 61 62 
60 61 63 64 
61 62 64 65 
63 64 66 67 
64 65 67 68 
66 67 69 70 
67 68 70 71 
69 70 72 73 
70 71 73 74 
72 73 75 76 
73 74 76 77 
75 76 78 79 
76 77 79 80 
78 79 81 82 
79 80 82 83 
81 82 84 85 
82 83 85 86 
84 85 87 88 
85 86 88 89 
87 88 90 91 
88 89 91 92 
90 91 93 94 
91 92 94 95 
93 94 96 97 
94 95 97 98 
96 97 99 100 
97 98 100 101 
99 100 102 103 
100 101 103 104 
102 103 105 106 
103 104 106 107 
105 106 108 109 
106 107 109 110 
108 109 111 112 
109 110 112 113 
111 112 114 115 
112 113 115 116 
114 115 117 118 
115 116 118 119 
117 118 120 121 
118 119 121 122 
120 121 123 124 
121 122 124 125 
123 124 126 127 
124 125 127 128 
126 127 129 130 
127 128 130 131 
129 130 132 133 
130 131 133 134 
132 133 135 136 
133 134 136 137 
135 136 138 139 
136 137 139 140 
138 139 141 142 
139 140 142 143 
141 142 144 145 
142 143 145 146 
144 145 147 148 
145 146 148 149 
147 148 150 151 
148 149 151 152 
150 151 153 154 
151 152 154 155 
153 154 156 157 
154 155 157 158 
156 157 159 160 
157 158 160 161 
159 160 162 163 
160 161 163 164 
162 163 165 166 
163 164 166 167 
165 166 168 169 
166 167 169 170 
168 169 171 172 
169 170 172 173 
171 172 174 175 
172 173 175 176 
174 175 177 178 
175 176 178 179 
177 178 180 181 
178 179 181 182 
180 181 183 184 
181 182 184 185 
183 184 186 187 
184 185 187 188 
186 187 189 190 
187 188 190 191 
189 190 192 193 
190 191 193 194 
192 193 195 196 
193 194 196 197 
195 196 198 199 
196 197 199 200 
198 199 201 202 
199 200 202 203 
201 202 204 205 
202 203 205 206 
204 205 207 208 
205 206 208 209 
207 208 210 211 
208 209 211 212 
210 211 213 214 
211 212 214 215 
213 214 216 217 
214 215 217 218 
216 217 219 220 
217 218 220 221 
219 220 222 223 
220 221 223 224 
222 223 225 226 
223 224 226 227 
225 226 228 229 
226 227 229 230 
228 229 231 232 
229 230 232 233 
231 232 234 235 
232 233 235 236 
234 235 237 238 
235 236 238 239 
237 238 240 241 
238 239 241 242 
240 241 243 244 
241 242 244 245 
243 244 246 247 
244 245 247 248 
246 247 249 250 
247 248 250 251 
249 250 252 253 
250 251 253 254 
252 253 255 256 
253 254 256 257 
255 256 258 259 
256 257 259 260 
258 259 261 262 
259 260 262 263 
261 262 264 265 
262 263 265 266 
264 265 267 268 
265 266 268 269 
267 268 270 271 
268 269 271 272 
270 271 273 274 
271 272 274 275 
273 274 276 277 
274 275 277 278 
276 277 279 280 
277 278 280 281 
279 280 282 283 
280 281 283 284 
282 283 285 286 
283 284 286 287 
285 286 288 289 
286 287 289 290 
288 289 291 292 
289 290 292 293 
291 292 294 295 
292 293 295 296 
294 295 297 298 
295 296 298 299 
297 298 300 301 
298 299 301 302 
300 301 303 304 
301 302 304 305 
303 304 306 307 
304 305 307 308 
306 307 309 310 
307 308 310 311 
309 310 312 313 
310 311 313 314 
312 313 315 316 
313 314 316 317 
315 316 318 319 
316 317 319 320 
318 319 321 322 
319 320 322 323 
321 322 324 325 
322 323 325 326 
324 325 327 328 
325 326 328 329 
327 328 330 331 
328 329 331 332 
330 331 333 334 
331 332 334 335 
333 334 336 337 
334 335 337 338 
336 337 339 340 
337 338 340 341 
339 340 342 343 
340 341 343 344 
342 343 345 346 
343 344 346 347 
345 346 348 349 
346 347 349 350 
348 349 351 352 
349 350 352 353 
351 352 354 355 
352 353 355 356 
354 355 357 358 
355 356 358 359 
357 358 360 361 
358 359 361 362 
360 361 363 364 
361 362 364 365 
363 364 366 367 
364 365 367 368 
366 367 369 370 
367 368 370 371 
369 370 372 373 
370 371 373 374 
372 373 375 376 
373 374 376 377 
375 376 378 379 
376 377 379 380 
378 379 381 382 
379 380 382 383 
381 382 384 385 
382 383 385 386 
384 385 387 388 
385 386 388 389 
387 388 390 391 
388 389 391 392 
390 391 393 394 
391 392 394 395 
393 394 396 397 
394 395 397 398 
396 397 399 400 
397 398 400 401 
399 400 402 403 
400 401 403 404 
402 403 405 406 
403 404 406 407 
405 406 408 409 
406 407 409 410 
408 409 411 412 
409 410 412 413 
411 412 414 415 
412 413 415 416 
414 415 417 418 
415 416 418 419 
417 418 420 421 
418 419 421 422 
420 421 423 424 
421 422 424 425 
423 424 426 427 
424 425 427 428 
426 427 429 430 
427 428 430 431 
429 430 432 433 
430 431 433 434 
432 433 435 436 
433 434 436 437 
435 436 438 439 
436 437 439 440 
438 439 441 442 
439 440 442 443 
441 442 444 445 
442 443 445 446 
444 445 447 448 
445 446 448 449 
447 448 450 451 
448 449 451 452 
450 451 453 454 
451 452 454 455 
453 454 456 457 
454 455 457 458 
456 457 459 460 
457 458 460 461 
459 460 462 463 
460 461 463 464 
462 463 465 466 
463 464 466 467 
465 466 468 469 
466 467 469 470 
468 469 471 472 
469 470 472 473 
471 472 474 475 
472 473 475 476 
474 475 477 478 
475 476 478 479 
477 478 480 481 
478 479 481 482 
480 481 483 484 
481 482 484 485 
483 484 486 487 
484 485 487 488 
486 487 489 490 
487 488 490 491 
489 490 492 493 
490 491 493 494 
492 493 495 496 
493 494 496 497 
495 496 498 499 
496 497 499 500 
498 499 501 502 
499 500 502 503 
501 502 504 505 
502 503 505 506 
504 505 507 508 
505 506 508 509 
507 508 510 511 
508 509 511 512 
510 511 513 514 
511 512 514 515 
513 514 516 517 
514 515 517 518 
516 517 519 520 
517 518 520 521 
519 520 522 523 
520 521 523 524 
522 523 525 526 
523 524 526 527 
525 526 528 529 
526 527 529 530 
528 529 531 532 
529 530 532 533 
531 532 534 535 
532 533 535 536 
534 535 537 538 
535 536 538 539 
537 538 540 541 
538 539 541 542 
540 541 543 544 
541 542 544 545 
543 544 546 547 
544 545 547 548 
546 547 549 550 
547 548 550 551 
549 550 552 553 
550 551 553 554 
552 553 555 556 
553 554 556 557 
555 556 558 559 
556 557 559 560 
558 559 561 562 
559 560 562 563 
561 562 564 565 
562 563 565 566 
564 565 567 568 
565 566 568 569 
567 568 570 571 
568 569 571 572 
570 571 573 574 
571 572 574 575 
573 574 576 577 
574 575 577 578 
576 577 579 580 
577 578 580 581 
579 580 582 583 
580 581 583 584 
582 583 585 586 
583 584 586 587 
585 586 588 589 
586 587 589 590 
588 589 591 592 
589 590 592 593 
591 592 594 595 
592 593 595 596 
594 595 597 598 
595 596 598 599 
597 598 600 601 
598 599 601 602 
600 601 603 604 
601 602 604 605 
603 604 606 607 
604 605 607 608 
606 607 609 610 
607 608 610 611 
609 610 612 613 
610 611 613 614 
612 613 615 616 
613 614 616 617 
615 616 618 619 
616 617 619 620 
618 619 621 622 
619 620 622 623 
621 622 624 625 
622 623 625 626 
624 625 627 628 
625 626 628 629 
627 628 630 631 
628 629 631 632 
630 631 633 634 
631 632 634 635 
633 634 636 637 
634 635 637 638 
636 637 639 640 
637 638 640 641 
639 640 642 643 
640 641 643 644 
642 643 645 646 
643 644 646 647 
645 646 648 649 
646 647 649 650 
648 649 651 652 
649 650 652 653 
651 652 654 655 
652 653 655 656 
654 655 657 658 
655 656 658 659 
657 658 660 661 
658 659 661 662 
660 661 663 664 
661 662 664 665 
663 664 666 667 
664 665 667 668 
666 667 669 670 
667 668 670 671 
669 670 672 673 
670 671 673 674 
672 673 675 676 
673 674 676 677 
675 676 678 679 
676 677 679 680 
678 679 681 682 
679 680 682 683 
681 682 684 685 
682 683 685 686 
684 685 687 688 
685 686 688 689 
687 688 690 691 
688 689 691 692 
690 691 693 694 
691 692 694 695 
693 694 696 697 
694 695 697 698 
696 697 699 700 
697 698 700 701 
699 700 702 703 
700 701 703 704 
702 703 705 706 
703 704 706 707 
705 706 708 709 
706 707 709 710 
708 709 711 712 
709 710 712 713 
711 712 714 715 
712 713 715 716 
714 715 717 718 
715 716 718 719 
717 718 720 721 
718 719 721 722 
720 721 723 724 
721 722 724 725 
723 724 726 727 
724 725 727 728 
726 727 729 730 
727 728 730 731 
729 730 732 733 
730 731 733 734 
732 733 735 736 
733 734 736 737 
735 736 738 739 
736 737 739 740 
738 739 741 742 
739 740 742 743 
741 742 744 745 
742 743 745 746 
744 745 747 748 
745 746 748 749 
747 748 750 751 
748 749 751 752 
750 751 753 754 
751 752 754 755 
753 754 756 757 
754 755 757 758 
756 757 759 760 
757 758 760 761 
759 760 762 763 
760 761 763 764 
762 763 765 766 
763 764 766 767 
765 766 768 769 
766 767 769 770 
768 769 771 772 
769 770 772 773 
771 772 774 775 
772 773 775 776 
774 775 777 778 
775 776 778 779 
777 778 780 781 
778 779 781 782 
780 781 783 784 
781 782 784 785 
783 784 786 787 
784 785 787 788 
786 787 789 790 
787 788 790 791 
789 790 792 793 
790 791 793 794 
792 793 795 796 
793 794 796 797 
795 796 798 799 
796 797 799 800 
798 799 801 802 
799 800 802 803 
801 802 804 805 
802 803 805 806 
804 805 807 808 
805 806 808 809 
807 808 810 811 
808 809 811 812 
810 811 813 814 
811 812 814 815 
813 814 816 817 
814 815 817 818 
816 817 819 820 
817 818 820 821 
819 820 822 823 
820 821 823 824 
822 823 825 826 
823 824 826 827 
825 826 828 829 
826 827 829 830 
828 829 831 832 
829 830 832 833 
831 832 834 835 
832 833 835 836 
834 835 837 838 
835 836 838 839 
837 838 840 841 
838 839 841 842 
840 841 843 844 
841 842 844 845 
843 844 846 847 
844 845 847 848 
846 847 849 850 
847 848 850 851 
849 850 852 853 
850 851 853 854 
852 853 855 856 
853 854 856 857 
855 856 858 859 
856 857 859 860 
858 859 861 862 
859 860 862 863 
861 862 864 865 
862 863 865 866 
864 865 867 868 
865 866 868 869 
867 868 870 871 
868 869 871 872 
870 871 873 874 
871 872 874 875 
873 874 876 877 
874 875 877 878 
876 877 879 880 
877 878 880 881 
879 880 882 883 
880 881 883 884 
882 883 885 886 
883 884 886 887 
885 886 888 889 
886 887 889 890 
888 889 891 892 
889 890 892 893 
891 892 894 895 
892 893 895 896 
894 895 897 898 
895 896 898 899 
897 898 900 901 
898 899 901 902 
900 901 903 904 
901 902 904 905 
903 904 906 907 
904 905 907 908 
906 907 909 910 
907 908 910 911 
909 910 912 913 
910 911 913 914 
912 913 915 916 
913 914 916 917 
915 916 918 919 
916 917 919 920 
918 919 921 922 
919 920 922 923 
921 922 924 925 
922 923 925 926 
924 925 927 928 
925 926 928 929 
927 928 930 931 
928 929 931 932 
930 931 933 934 
931 932 934 935 
933 934 936 937 
934 935 937 938 
936 937 939 940 
937 938 940 941 
939 940 942 943 
940 941 943 944 
942 943 945 946 
943 944 946 947 
945 946 948 949 
946 947 949 950 
948 949 951 952 
949 950 952 953 
951 952 954 955 
952 953 955 956 
954 955 957 958 
955 956 958 959 
957 958 960 961 
958 959 961 962 
960 961 963 964 
961 962 964 965 
963 964 966 967 
964 965 967 968 
966 967 969 970 
967 968 970 971 
969 970 972 973 
970 971 973 974 
972 973 975 976 
973 974 976 977 
975 976 978 979 
976 977 979 980 
978 979 981 982 
979 980 982 983 
981 982 984 985 
982 983 985 986 
984 985 987 988 
985 986 988 989 
987 988 990 991 
988 989 991 992 
990 991 993 994 
991 992 994 995 
993 994 996 997 
994 995 997 998 
996 997 999 1000 
997 998 1000 1001 
999 1000 1002 1003 
1000 1001 1003 1004 
1002 1003 1005 1006 
1003 1004 1006 1007 
1005 1006 1008 1009 
1006 1007 1009 1010 
1008 1009 1011 1012 
1009 1010 1012 1013 
1011 1012 1014 1015 
1012 1013 1015 1016 
1014 1015 1017 1018 
1015 1016 1018 1019 
1017 1018 1020 1021 
1018 1019 1021 1022 
1020 1021 1023 1024 
1021 1022 1024 1025 
1023 1024 1026 1027 
1024 1025 1027 1028 
1026 1027 1029 1030 
1027 1028 1030 1031 
1029 1030 1032 1033 
1030 1031 1033 1034 
1032 1033 1035 1036 
1033 1034 1036 1037 
1035 1036 1038 1039 
1036 1037 1039 1040 
1038 1039 1041 1042 
1039 1040 1042 1043 
1041 1042 1044 1045 
1042 1043 1045 1046 
1044 1045 1047 1048 
1045 1046 1048 1049 
1047 1048 1050 1051 
1048 1049 1051 1052 
1050 1051 1053 1054 
1051 1052 1054 1055 
1053 1054 1056 1057 
1054 1055 1057 1058 
1056 1057 1059 1060 
1057 1058 1060 1061 
1059 1060 1062 1063 
1060 1061 1063 1064 
1062 1063 1065 1066 
1063 1064 1066 1067 
1065 1066 1068 1069 
1066 1067 1069 1070 
1068 1069 1071 1072 
1069 1070 1072 1073 
1071 1072 1074 1075 
1072 1073 1075 1076 
1074 1075 1077 1078 
1075 1076 1078 1079 
1077 1078 1080 1081 
1078 1079 1081 1082 
1080 1081 1083 1084 
1081 1082 1084 1085 
1083 1084 1086 1087 
1084 1085 1087 1088 
1086 1087 1089 1090 
1087 1088 1090 1091 
1089 1090 1092 1093 
1090 1091 1093 1094 
1092 1093 1095 1096 
1093 1094 1096 1097 
1095 1096 1098 1099 
1096 1097 1099 1100 
1098 1099 1101 1102 
1099 1100 1102 1103 
1101 1102 1104 1105 
1102 1103 1105 1106 
1104 1105 1107 1108 
1105 1106 1108 1109 
1107 1108 1110 1111 
1108 1109 1111 1112 
1110 1111 1113 1114 
1111 1112 1114 1115 
1113 1114 1116 1117 
1114 1115 1117 1118 
1116 1117 1119 1120 
1117 1118 1120 1121 
1119 1120 1122 1123 
1120 1121 1123 1124 
1122 1123 1125 1126 
1123 1124 1126 1127 
1125 1126 1128 1129 
1126 1127 1129 1130 
1128 1129 1131 1132 
1129 1130 1132 1133 
1131 1132 1134 1135 
1132 1133 1135 1136 
1134 1135 1137 1138 
1135 1136 1138 1139 
1137 1138 1140 1141 
1138 1139 1141 1142 
1140 1141 1143 1144 
1141 1142 1144 1145 
1143 1144 1146 1147 
1144 1145 1147 1148 
1146 1147 1149 1150 
1147 1148 1150 1151 
1149 1150 1152 1153 
1150 1151 1153 1154 
1152 1153 1155 1156 
1153 1154 1156 1157 
1155 1156 1158 1159 
1156 1157 1159 1160 
1158 1159 1161 1162 
1159 1160 1162 1163 
1161 1162 1164 1165 
1162 1163 1165 1166 
1164 1165 1167 1168 
1165 1166 1168 1169 
1167 1168 1170 1171 
1168 1169 1171 1172 
1170 1171 1173 1174 
1171 1172 1174 1175 
1173 1174 1176 1177 
1174 1175 1177 1178 
1176 1177 1179 1180 
1177 1178 1180 1181 
1179 1180 1182 1183 
1180 1181 1183 1184 
1182 1183 1185 1186 
1183 1184 1186 1187 
1185 1186 1188 1189 
1186 1187 1189 1190 
1188 1189 1191 1192 
1189 1190 1192 1193 
1191 1192 1194 1195 
1192 1193 1195 1196 
1194 1195 1197 1198 
1195 1196 1198 1199 
1197 1198 1200 1201 
1198 1199 1201 1202 
1200 1201 1203 1204 
1201 1202 1204 1205 
1203 1204 1206 1207 
1204 1205 1207 1208 
1206 1207 1209 1210 
1207 1208 1210 1211 
1209 1210 1212 1213 
1210 1211 1213 1214 
1212 1213 1215 1216 
1213 1214 1216 1217 
1215 1216 1218 1219 
1216 1217 1219 1220 
1218 1219 1221 1222 
1219 1220 1222 1223 
1221 1222 1224 1225 
1222 1223 1225 1226 
1224 1225 1227 1228 
1225 1226 1228 1229 
1227 1228 1230 1231 
1228 1229 1231 1232 
1230 1231 1233 1234 
1231 1232 1234 1235 
1233 1234 1236 1237 
1234 1235 1237 1238 
1236 1237 1239 1240 
1237 1238 1240 1241 
1239 1240 1242 1243 
1240 1241 1243 1244 
1242 1243 1245 1246 
1243 1244 1246 1247 
1245 1246 1248 1249 
1246 1247 1249 1250 
1248 1249 1251 1252 
1249 1250 1252 1253 
1251 1252 1254 1255 
1252 1253 1255 1256 
1254 1255 1257 1258 
1255 1256 1258 1259 
1257 1258 1260 1261 
1258 1259 1261 1262 
1260 1261 1263 1264 
1261 1262 1264 1265 
1263 1264 1266 1267 
1264 1265 1267 1268 
1266 1267 1269 1270 
1267 1268 1270 1271 
1269 1270 1272 1273 
1270 1271 1273 1274 
1272 1273 1275 1276 
1273 1274 1276 1277 
1275 1276 1278 1279 
1276 1277 1279 1280 
1278 1279 1281 1282 
1279 1280 1282 1283 
1281 1282 1284 1285 
1282 1283 1285 1286 
1284 1285 1287 1288 
1285 1286 1288 1289 
1287 1288 1290 1291 
1288 1289 1291 1292 
1290 1291 1293 1294 
1291 1292 1294 1295 
1293 1294 1296 1297 
1294 1295 1297 1298 
1296 1297 1299 1300 
1297 1298 1300 1301 
1299 1300 1302 1303 
1300 1301 1303 1304 
1302 1303 1305 1306 
1303 1304 1306 1307 
1305 1306 1308 1309 
1306 1307 1309 1310 
1308 1309 1311 1312 
1309 1310 1312 1313 
1311 1312 1314 1315 
1312 1313 1315 1316 
1314 1315 1317 1318 
1315 1316 1318 1319 
1317 1318 1320 1321 
1318 1319 1321 1322 
1320 1321 1323 1324 
1321 1322 1324 1325 
1323 1324 1326 1327 
1324 1325 1327 1328 
1326 1327 1329 1330 
1327 1328 1330 1331 
1329 1330 1332 1333 
1330 1331 1333 1334 
1332 1333 1335 1336 
1333 1334 1336 1337 
1335 1336 1338 1339 
1336 1337 1339 1340 
1338 1339 1341 1342 
1339 1340 1342 1343 
1341 1342 1344 1345 
1342 1343 1345 1346 
1344 1345 1347 1348 
1345 1346 1348 1349 
1347 1348 1350 1351 
1348 1349 1351 1352 
1350 1351 1353 1354 
1351 1352 1354 1355 
1353 1354 1356 1357 
1354 1355 1357 1358 
1356 1357 1359 1360 
1357 1358 1360 1361 
1359 1360 1362 1363 
1360 1361 1363 1364 
1362 1363 1365 1366 
1363 1364 1366 1367 
1365 1366 1368 1369 
1366 1367 1369 1370 
1368 1369 1371 1372 
1369 1370 1372 1373 
1371 1372 1374 1375 
1372 1373 1375 1376 
1374 1375 1377 1378 
1375 1376 1378 1379 
1377 1378 1380 1381 
1378 1379 1381 1382 
1380 1381 1383 1384 
1381 1382 1384 1385 
1383 1384 1386 1387 
1384 1385 1387 1388 
1386 1387 1389 1390 
1387 1388 1390 1391 
1389 1390 1392 1393 
1390 1391 1393 1394 
1392 1393 1395 1396 
1393 1394 1396 1397 
1395 1396 1398 1399 
1396 1397 1399 1400 
1398 1399 1401 1402 
1399 1400 1402 1403 
1401 1402 1404 1405 
1402 1403 1405 1406 
1404 1405 1407 1408 
1405 1406 1408 1409 
1407 1408 1410 1411 
1408 1409 1411 1412 
1410 1411 1413 1414 
1411 1412 1414 1415 
1413 1414 1416 1417 
1414 1415 1417 1418 
1416 1417 1419 1420 
1417 1418 1420 1421 
1419 1420 1422 1423 
1420 1421 1423 1424 
1422 1423 1425 1426 
1423 1424 1426 1427 
1425 1426 1428 1429 
1426 1427 1429 1430 
1428 1429 1431 1432 
1429 1430 1432 1433 
1431 1432 1434 1435 
1432 1433 1435 1436 
1434 1435 1437 1438 
1435 1436 1438 1439 
1437 1438 1440 1441 
1438 1439 1441 1442 
1440 1441 1443 1444 
1441 1442 1444 1445 
1443 1444 1446 1447 
1444 1445 1447 1448 
1446 1447 1449 1450 
1447 1448 1450 1451 
1449 1450 1452 1453 
1450 1451 1453 1454 
1452 1453 1455 1456 
1453 1454 1456 1457 
1455 1456 1458 1459 
1456 1457 1459 1460 
1458 1459 1461 1462 
1459 1460 1462 1463 
1461 1462 1464 1465 
1462 1463 1465 1466 
1464 1465 1467 1468 
1465 1466 1468 1469 
1467 1468 1470 1471 
1468 1469 1471 1472 
1470 1471 1473 1474 
1471 1472 1474 1475 
1473 1474 1476 1477 
1474 1475 1477 1478 
1476 1477 1479 1480 
1477 1478 1480 1481 
1479 1480 1482 1483 
1480 1481 1483 1484 
1482 1483 1485 1486 
1483 1484 1486 1487 
1485 1486 1488 1489 
1486 1487 1489 1490 
1488 1489 1491 1492 
1489 1490 1492 1493 
1491 1492 1494 1495 
1492 1493 1495 1496 
1494 1495 1497 1498 
1495 1496 1498 1499 
1497 1498 1500 1501 
1498 1499 1501 1502 
1500 1501 1503 1504 
1501 1502 1504 1505 
1503 1504 1506 1507 
1504 1505 1507 1508 
1506 1507 1509 1510 
1507 1508 1510 1511 
1509 1510 1512 1513 
1510 1511 1513 1514 
1512 1513 1515 1516 
1513 1514 1516 1517 
1515 1516 1518 1519 
1516 1517 1519 1520 
1518 1519 1521 1522 
1519 1520 1522 1523 
1521 1522 1524 1525 
1522 1523 1525 1526 
1524 1525 1527 1528 
1525 1526 1528 1529 
1527 1528 1530 1531 
1528 1529 1531 1532 
1530 1531 1533 1534 
1531 1532 1534 1535 
1533 1534 1536 1537 
1534 1535 1537 1538 
1536 1537 1539 1540 
1537 1538 1540 1541 
1539 1540 1542 1543 
1540 1541 1543 1544 
1542 1543 1545 1546 
1543 1544 1546 1547 
1545 1546 1548 1549 
1546 1547 1549 1550 
1548 1549 1551 1552 
1549 1550 1552 1553 
1551 1552 1554 1555 
1552 1553 1555 1556 
1554 1555 1557 1558 
1555 1556 1558 1559 
1557 1558 1560 1561 
1558 1559 1561 1562 
1560 1561 1563 1564 
1561 1562 1564 1565 
1563 1564 1566 1567 
1564 1565 1567 1568 
1566 1567 1569 1570 
1567 1568 1570 1571 
1569 1570 1572 1573 
1570 1571 1573 1574 
1572 1573 1575 1576 
1573 1574 1576 1577 
1575 1576 1578 1579 
1576 1577 1579 1580 
1578 1579 1581 1582 
1579 1580 1582 1583 
1581 1582 1584 1585 
1582 1583 1585 1586 
1584 1585 1587 1588 
1585 1586 1588 1589 
1587 1588 1590 1591 
1588 1589 1591 1592 
1590 1591 1593 1594 
1591 1592 1594 1595 
1593 1594 1596 1597 
1594 1595 1597 1598 
1596 1597 1599 1600 
1597 1598 1600 1601 
1599 1600 1602 1603 
1600 1601 1603 1604 
1602 1603 1605 1606 
1603 1604 1606 1607 
1605 1606 1608 1609 
1606 1607 1609 1610 
1608 1609 1611 1612 
1609 1610 1612 1613 
1611 1612 1614 1615 
1612 1613 1615 1616 
1614 1615 1617 1618 
1615 1616 1618 1619 
1617 1618 1620 1621 
1618 1619 1621 1622 
1620 1621 1623 1624 
1621 1622 1624 1625 
1623 1624 1626 1627 
1624 1625 1627 1628 
1626 1627 1629 1630 
1627 1628 1630 1631 
1629 1630 1632 1633 
1630 1631 1633 1634 
1632 1633 1635 1636 
1633 1634 1636 1637 
1635 1636 1638 1639 
1636 1637 1639 1640 
1638 1639 1641 1642 
1639 1640 1642 1643 
1641 1642 1644 1645 
1642 1643 1645 1646 
1644 1645 1647 1648 
1645 1646 1648 1649 
1647 1648 1650 1651 
1648 1649 1651 1652 
1650 1651 1653 1654 
1651 1652 1654 1655 
1653 1654 1656 1657 
1654 1655 1657 1658 
1656 1657 1659 1660 
1657 1658 1660 1661 
1659 1660 1662 1663 
1660 1661 1663 1664 
1662 1663 1665 1666 
1663 1664 1666 1667 
1665 1666 1668 1669 
1666 1667 1669 1670 
1668 1669 1671 1672 
1669 1670 1672 1673 
1671 1672 1674 1675 
1672 1673 1675 1676 
1674 1675 1677 1678 
1675 1676 1678 1679 
1677 1678 1680 1681 
1678 1679 1681 1682 
1680 1681 1683 1684 
1681 1682 1684 1685 
1683 1684 1686 1687 
1684 1685 1687 1688 
1686 1687 1689 1690 
1687 1688 1690 1691 
1689 1690 1692 1693 
1690 1691 1693 1694 
1692 1693 1695 1696 
1693 1694 1696 1697 
1695 1696 1698 1699 
1696 1697 1699 1700 
1698 1699 1701 1702 
1699 1700 1702 1703 
1701 1702 1704 1705 
1702 1703 1705 1706 
1704 1705 1707 1708 
1705 1706 1708 1709 
1707 1708 1710 1711 
1708 1709 1711 1712 
1710 1711 1713 1714 
1711 1712 1714 1715 
1713 1714 1716 1717 
1714 1715 1717 1718 
1716 1717 1719 1720 
1717 1718 1720 1721 
1719 1720 1722 1723 
1720 1721 1723 1724 
1722 1723 1725 1726 
1723 1724 1726 1727 
1725 1726 1728 1729 
1726 1727 1729 1730 
1728 1729 1731 1732 
1729 1730 1732 1733 
1731 1732 1734 1735 
1732 1733 1735 1736 
1734 1735 1737 1738 
1735 1736 1738 1739 
1737 1738 1740 1741 
1738 1739 1741 1742 
1740 1741 1743 1744 
1741 1742 1744 1745 
1743 1744 1746 1747 
1744 1745 1747 1748 
1746 1747 1749 1750 
1747 1748 1750 1751 
1749 1750 1752 1753 
1750 1751 1753 1754 
1752 1753 1755 1756 
1753 1754 1756 1757 
1755 1756 1758 1759 
1756 1757 1759 1760 
1758 1759 1761 1762 
1759 1760 1762 1763 
1761 1762 1764 1765 
1762 1763 1765 1766 
1764 1765 1767 1768 
1765 1766 1768 1769 
1767 1768 1770 1771 
1768 1769 1771 1772 
1770 1771 1773 1774 
1771 1772 1774 1775 
1773 1774 1776 1777 
1774 1775 1777 1778 
1776 1777 1779 1780 
1777 1778 1780 1781 
1779 1780 1782 1783 
1780 1781 1783 1784 
1782 1783 1785 1786 
1783 1784 1786 1787 
1785 1786 1788 1789 
1786 1787 1789 1790 
1788 1789 1791 1792 
1789 1790 1792 1793 
1791 1792 1794 1795 
1792 1793 1795 1796 
1794 1795 1797 1798 
1795 1796 1798 1799 
1797 1798 1800 1801 
1798 1799 1801 1802 
