#   Fy   Peos   rho   phi      d(phi)   d( |d(phi)|^2 )   d(rho)   Fb   Momento      phi * grad(phi)   d(peos)   Momento 2                                          
0   0.000E0   7.533E-4   1.383E-1   3.011E-1      0.000E0   0.000E0   0.000E0   -1.707E-8   -1.707E-8      0.000E0   -5.000E-9   -1.207E-8
1   -8.240E-8   7.533E-4   1.383E-1   3.011E-1      0.000E0   1.250E-13   0.000E0   -1.707E-8   -9.947E-8      0.000E0   -8.000E-9   -9.070E-9
2   -1.275E-7   7.533E-4   1.383E-1   3.011E-1      -5.000E-7   1.250E-13   -5.000E-7   -1.707E-8   2.214E-8      -1.506E-7   -1.200E-8   -5.070E-9
3   -1.521E-7   7.533E-4   1.383E-1   3.011E-1      -5.000E-7   -1.388E-23   -5.000E-7   -1.707E-8   -2.502E-9      -1.506E-7   -1.400E-8   -3.070E-9
4   -1.656E-7   7.533E-4   1.383E-1   3.011E-1      -5.000E-7   3.750E-13   -5.000E-7   -1.707E-8   -1.598E-8      -1.506E-7   -1.550E-8   -1.570E-9
5   -1.730E-7   7.533E-4   1.383E-1   3.011E-1      -1.000E-6   1.388E-23   -5.000E-7   -1.707E-8   -2.335E-8      -3.011E-7   -1.650E-8   -5.697E-10
6   -1.770E-7   7.533E-4   1.383E-1   3.011E-1      -5.000E-7   -3.750E-13   -5.000E-7   -1.707E-8   -2.739E-8      -1.506E-7   -1.700E-8   -6.965E-11
7   -1.792E-7   7.532E-4   1.383E-1   3.011E-1      -5.000E-7   -1.388E-23   -1.000E-6   -1.707E-8   1.371E-7      -1.506E-7   -1.650E-8   -5.696E-10
8   -1.804E-7   7.532E-4   1.383E-1   3.011E-1      -5.000E-7   1.388E-23   -5.000E-7   -1.707E-8   -3.081E-8      -1.506E-7   -1.650E-8   -5.695E-10
9   -1.811E-7   7.532E-4   1.383E-1   3.011E-1      -5.000E-7   3.750E-13   -5.000E-7   -1.707E-8   -3.147E-8      -1.506E-7   -1.700E-8   -6.959E-11
10   -1.814E-7   7.532E-4   1.383E-1   3.011E-1      -1.000E-6   -1.388E-23   -5.000E-7   -1.707E-8   -3.184E-8      -3.011E-7   -1.750E-8   4.306E-10
11   -1.816E-7   7.532E-4   1.383E-1   3.011E-1      -5.000E-7   -3.750E-13   -5.000E-7   -1.707E-8   -3.204E-8      -1.506E-7   -1.750E-8   4.307E-10
12   -1.818E-7   7.532E-4   1.383E-1   3.011E-1      -5.000E-7   1.388E-23   -1.000E-6   -1.707E-8   1.345E-7      -1.506E-7   -1.700E-8   -6.925E-11
13   -1.818E-7   7.531E-4   1.383E-1   3.011E-1      -5.000E-7   -1.388E-23   -5.000E-7   -1.707E-8   -3.222E-8      -1.506E-7   -1.700E-8   -6.912E-11
14   -1.819E-7   7.531E-4   1.383E-1   3.011E-1      -5.000E-7   3.750E-13   -5.000E-7   -1.707E-8   -3.226E-8      -1.506E-7   -1.700E-8   -6.922E-11
15   -1.819E-7   7.531E-4   1.383E-1   3.011E-1      -1.000E-6   1.388E-23   -5.000E-7   -1.707E-8   -3.228E-8      -3.011E-7   -1.700E-8   -6.900E-11
16   -1.819E-7   7.531E-4   1.383E-1   3.011E-1      -5.000E-7   -3.750E-13   -5.000E-7   -1.707E-8   -3.230E-8      -1.506E-7   -1.700E-8   -6.891E-11
17   -1.819E-7   7.531E-4   1.383E-1   3.011E-1      -5.000E-7   -1.388E-23   -1.000E-6   -1.707E-8   1.344E-7      -1.506E-7   -1.700E-8   -6.888E-11
18   -1.819E-7   7.530E-4   1.383E-1   3.011E-1      -5.000E-7   1.388E-23   -5.000E-7   -1.707E-8   -3.232E-8      -1.506E-7   -1.700E-8   -6.875E-11
19   -1.819E-7   7.530E-4   1.383E-1   3.011E-1      -5.000E-7   3.750E-13   -5.000E-7   -1.707E-8   -3.233E-8      -1.506E-7   -1.700E-8   -6.885E-11
20   -1.819E-7   7.530E-4   1.383E-1   3.011E-1      -1.000E-6   -1.388E-23   -5.000E-7   -1.707E-8   -3.234E-8      -3.011E-7   -1.700E-8   -6.863E-11
21   -1.819E-7   7.530E-4   1.383E-1   3.011E-1      -5.000E-7   -3.750E-13   -5.000E-7   -1.707E-8   -3.234E-8      -1.506E-7   -1.700E-8   -6.854E-11
22   -1.819E-7   7.530E-4   1.383E-1   3.011E-1      -5.000E-7   1.388E-23   -1.000E-6   -1.707E-8   1.343E-7      -1.506E-7   -1.700E-8   -6.851E-11
23   -1.820E-7   7.530E-4   1.383E-1   3.011E-1      -5.000E-7   -1.388E-23   -5.000E-7   -1.707E-8   -3.236E-8      -1.506E-7   -1.700E-8   -6.838E-11
24   -1.820E-7   7.529E-4   1.383E-1   3.011E-1      -5.000E-7   3.750E-13   -5.000E-7   -1.707E-8   -3.236E-8      -1.506E-7   -1.700E-8   -6.848E-11
25   -1.820E-7   7.529E-4   1.383E-1   3.011E-1      -1.000E-6   1.388E-23   -5.000E-7   -1.707E-8   -3.237E-8      -3.011E-7   -1.700E-8   -6.826E-11
26   -1.820E-7   7.529E-4   1.383E-1   3.011E-1      -5.000E-7   -3.750E-13   -5.000E-7   -1.707E-8   -3.237E-8      -1.506E-7   -1.750E-8   4.318E-10
27   -1.820E-7   7.529E-4   1.383E-1   3.011E-1      -5.000E-7   -1.388E-23   -1.000E-6   -1.707E-8   1.343E-7      -1.506E-7   -1.750E-8   4.319E-10
28   -1.820E-7   7.529E-4   1.383E-1   3.011E-1      -5.000E-7   1.388E-23   -5.000E-7   -1.707E-8   -3.239E-8      -1.506E-7   -1.700E-8   -6.801E-11
29   -1.820E-7   7.529E-4   1.383E-1   3.011E-1      -5.000E-7   3.750E-13   -5.000E-7   -1.707E-8   -3.239E-8      -1.506E-7   -1.700E-8   -6.811E-11
30   -1.820E-7   7.528E-4   1.383E-1   3.011E-1      -1.000E-6   -1.388E-23   -5.000E-7   -1.707E-8   -3.240E-8      -3.011E-7   -1.700E-8   -6.789E-11
31   -1.820E-7   7.528E-4   1.383E-1   3.011E-1      -5.000E-7   -3.750E-13   -5.000E-7   -1.707E-8   -3.241E-8      -1.505E-7   -1.700E-8   -6.780E-11
32   -1.820E-7   7.528E-4   1.382E-1   3.011E-1      -5.000E-7   1.388E-23   -1.000E-6   -1.707E-8   1.343E-7      -1.505E-7   -1.700E-8   -6.777E-11
33   -1.820E-7   7.528E-4   1.382E-1   3.011E-1      -5.000E-7   -1.388E-23   -5.000E-7   -1.707E-8   -3.242E-8      -1.505E-7   -1.700E-8   -6.764E-11
34   -1.820E-7   7.528E-4   1.382E-1   3.011E-1      -5.000E-7   3.750E-13   -5.000E-7   -1.707E-8   -3.243E-8      -1.505E-7   -1.700E-8   -6.774E-11
35   -1.820E-7   7.528E-4   1.382E-1   3.011E-1      -1.000E-6   1.388E-23   -5.000E-7   -1.707E-8   -3.243E-8      -3.011E-7   -1.700E-8   -6.752E-11
36   -1.820E-7   7.527E-4   1.382E-1   3.011E-1      -5.000E-7   -3.750E-13   -5.000E-7   -1.707E-8   -3.244E-8      -1.505E-7   -1.700E-8   -6.742E-11
37   -1.820E-7   7.527E-4   1.382E-1   3.011E-1      -5.000E-7   3.750E-13   -5.000E-7   -1.707E-8   -3.244E-8      -1.505E-7   -1.700E-8   -6.749E-11
38   -1.820E-7   7.527E-4   1.382E-1   3.011E-1      -1.000E-6   1.388E-23   -5.000E-7   -1.707E-8   -3.245E-8      -3.011E-7   -1.700E-8   -6.739E-11
39   -1.821E-7   7.527E-4   1.382E-1   3.011E-1      -5.000E-7   -3.750E-13   -1.000E-6   -1.707E-8   1.342E-7      -1.505E-7   -1.700E-8   -6.718E-11
40   -1.821E-7   7.527E-4   1.382E-1   3.011E-1      -5.000E-7   -1.388E-23   -5.000E-7   -1.707E-8   -3.246E-8      -1.505E-7   -1.700E-8   -6.715E-11
41   -1.821E-7   7.527E-4   1.382E-1   3.011E-1      -5.000E-7   0.000E0   -5.000E-7   -1.707E-8   -3.247E-8      -1.505E-7   -1.700E-8   -6.715E-11
42   -1.821E-7   7.526E-4   1.382E-1   3.011E-1      -5.000E-7   3.750E-13   -5.000E-7   -1.707E-8   -3.248E-8      -1.505E-7   -1.750E-8   4.329E-10
43   -1.821E-7   7.526E-4   1.382E-1   3.011E-1      -1.000E-6   1.388E-23   -5.000E-7   -1.707E-8   -3.248E-8      -3.011E-7   -1.750E-8   4.330E-10
44   -1.821E-7   7.526E-4   1.382E-1   3.011E-1      -5.000E-7   -3.750E-13   -1.000E-6   -1.707E-8   1.342E-7      -1.505E-7   -1.700E-8   -6.681E-11
45   -1.821E-7   7.526E-4   1.382E-1   3.011E-1      -5.000E-7   -1.388E-23   -5.000E-7   -1.707E-8   -3.249E-8      -1.505E-7   -1.700E-8   -6.678E-11
46   -1.821E-7   7.526E-4   1.382E-1   3.011E-1      -5.000E-7   1.388E-23   -5.000E-7   -1.707E-8   -3.250E-8      -1.505E-7   -1.700E-8   -6.678E-11
47   -1.821E-7   7.526E-4   1.382E-1   3.011E-1      -5.000E-7   3.750E-13   -5.000E-7   -1.707E-8   -3.251E-8      -1.505E-7   -1.700E-8   -6.675E-11
48   -1.821E-7   7.525E-4   1.382E-1   3.011E-1      -1.000E-6   -1.388E-23   -5.000E-7   -1.707E-8   -3.251E-8      -3.011E-7   -1.700E-8   -6.665E-11
49   -1.821E-7   7.525E-4   1.382E-1   3.011E-1      -5.000E-7   -3.750E-13   -1.000E-6   -1.707E-8   1.341E-7      -1.505E-7   -1.700E-8   -6.644E-11
50   -1.821E-7   7.525E-4   1.382E-1   3.011E-1      -5.000E-7   1.388E-23   -5.000E-7   -1.707E-8   -3.253E-8      -1.505E-7   -1.700E-8   -6.641E-11
51   -1.821E-7   7.525E-4   1.382E-1   3.011E-1      -5.000E-7   -1.388E-23   -5.000E-7   -1.707E-8   -3.253E-8      -1.505E-7   -1.700E-8   -6.641E-11
52   -1.821E-7   7.525E-4   1.382E-1   3.011E-1      -5.000E-7   3.750E-13   -5.000E-7   -1.707E-8   -3.254E-8      -1.505E-7   -1.700E-8   -6.638E-11
53   -1.821E-7   7.525E-4   1.382E-1   3.011E-1      -1.000E-6   1.388E-23   -5.000E-7   -1.707E-8   -3.255E-8      -3.011E-7   -1.700E-8   -6.628E-11
54   -1.822E-7   7.524E-4   1.382E-1   3.011E-1      -5.000E-7   -3.750E-13   -1.000E-6   -1.707E-8   1.341E-7      -1.505E-7   -1.700E-8   -6.607E-11
55   -1.822E-7   7.524E-4   1.382E-1   3.011E-1      -5.000E-7   -1.388E-23   -5.000E-7   -1.707E-8   -3.256E-8      -1.505E-7   -1.700E-8   -6.604E-11
56   -1.822E-7   7.524E-4   1.382E-1   3.011E-1      -5.000E-7   1.388E-23   -5.000E-7   -1.707E-8   -3.257E-8      -1.505E-7   -1.700E-8   -6.604E-11
57   -1.822E-7   7.524E-4   1.382E-1   3.011E-1      -5.000E-7   3.750E-13   -5.000E-7   -1.707E-8   -3.257E-8      -1.505E-7   -1.700E-8   -6.601E-11
58   -1.822E-7   7.524E-4   1.382E-1   3.011E-1      -1.000E-6   -1.388E-23   -5.000E-7   -1.707E-8   -3.258E-8      -3.011E-7   -1.750E-8   4.341E-10
59   -1.822E-7   7.523E-4   1.382E-1   3.011E-1      -5.000E-7   -3.750E-13   -1.000E-6   -1.707E-8   1.341E-7      -1.505E-7   -1.750E-8   4.343E-10
60   -1.822E-7   7.523E-4   1.382E-1   3.011E-1      -5.000E-7   1.388E-23   -5.000E-7   -1.707E-8   -3.259E-8      -1.505E-7   -1.700E-8   -6.567E-11
61   -1.822E-7   7.523E-4   1.382E-1   3.011E-1      -5.000E-7   -1.388E-23   -5.000E-7   -1.707E-8   -3.260E-8      -1.505E-7   -1.700E-8   -6.567E-11
62   -1.822E-7   7.523E-4   1.382E-1   3.011E-1      -5.000E-7   3.750E-13   -5.000E-7   -1.707E-8   -3.260E-8      -1.505E-7   -1.700E-8   -6.564E-11
63   -1.822E-7   7.523E-4   1.382E-1   3.011E-1      -1.000E-6   1.388E-23   -5.000E-7   -1.707E-8   -3.261E-8      -3.011E-7   -1.700E-8   -6.554E-11
64   -1.822E-7   7.523E-4   1.382E-1   3.011E-1      -5.000E-7   -3.750E-13   -1.000E-6   -1.707E-8   1.340E-7      -1.505E-7   -1.700E-8   -6.533E-11
65   -1.822E-7   7.522E-4   1.382E-1   3.011E-1      -5.000E-7   -1.388E-23   -5.000E-7   -1.707E-8   -3.262E-8      -1.505E-7   -1.700E-8   -6.530E-11
66   -1.822E-7   7.522E-4   1.382E-1   3.011E-1      -5.000E-7   1.388E-23   -5.000E-7   -1.707E-8   -3.263E-8      -1.505E-7   -1.700E-8   -6.530E-11
67   -1.822E-7   7.522E-4   1.382E-1   3.011E-1      -5.000E-7   3.750E-13   -5.000E-7   -1.707E-8   -3.264E-8      -1.505E-7   -1.700E-8   -6.527E-11
68   -1.822E-7   7.522E-4   1.382E-1   3.011E-1      -1.000E-6   -1.388E-23   -5.000E-7   -1.707E-8   -3.265E-8      -3.011E-7   -1.700E-8   -6.517E-11
69   -1.823E-7   7.522E-4   1.382E-1   3.011E-1      -5.000E-7   -3.750E-13   -1.000E-6   -1.707E-8   1.340E-7      -1.505E-7   -1.700E-8   -6.496E-11
70   -1.823E-7   7.522E-4   1.382E-1   3.011E-1      -5.000E-7   1.388E-23   -5.000E-7   -1.706E-8   -3.266E-8      -1.505E-7   -1.700E-8   -6.493E-11
71   -1.823E-7   7.521E-4   1.382E-1   3.011E-1      -5.000E-7   -1.388E-23   -5.000E-7   -1.706E-8   -3.267E-8      -1.505E-7   -1.700E-8   -6.493E-11
72   -1.823E-7   7.521E-4   1.382E-1   3.011E-1      -5.000E-7   3.750E-13   -5.000E-7   -1.706E-8   -3.267E-8      -1.505E-7   -1.700E-8   -6.490E-11
73   -1.823E-7   7.521E-4   1.382E-1   3.011E-1      -1.000E-6   1.388E-23   -5.000E-7   -1.706E-8   -3.268E-8      -3.011E-7   -1.700E-8   -6.480E-11
74   -1.823E-7   7.521E-4   1.382E-1   3.011E-1      -5.000E-7   -3.750E-13   -1.000E-6   -1.706E-8   1.340E-7      -1.505E-7   -1.700E-8   -6.459E-11
75   -1.823E-7   7.521E-4   1.382E-1   3.011E-1      -5.000E-7   3.750E-13   -5.000E-7   -1.706E-8   -3.269E-8      -1.505E-7   -1.750E-8   4.354E-10
76   -1.823E-7   7.521E-4   1.382E-1   3.011E-1      -1.000E-6   1.388E-23   -5.000E-7   -1.706E-8   -3.270E-8      -3.011E-7   -1.750E-8   4.354E-10
77   -1.823E-7   7.520E-4   1.382E-1   3.011E-1      -5.000E-7   -3.750E-13   -5.000E-7   -1.706E-8   -3.271E-8      -1.505E-7   -1.700E-8   -6.434E-11
78   -1.823E-7   7.520E-4   1.382E-1   3.011E-1      -5.000E-7   -1.388E-23   -5.000E-7   -1.706E-8   -3.271E-8      -1.505E-7   -1.700E-8   -6.443E-11
79   -1.823E-7   7.520E-4   1.382E-1   3.011E-1      -5.000E-7   1.388E-23   -1.000E-6   -1.706E-8   1.339E-7      -1.505E-7   -1.700E-8   -6.431E-11
80   -1.823E-7   7.520E-4   1.382E-1   3.011E-1      -5.000E-7   3.750E-13   -5.000E-7   -1.706E-8   -3.273E-8      -1.505E-7   -1.700E-8   -6.428E-11
81   -1.823E-7   7.520E-4   1.382E-1   3.011E-1      -1.000E-6   -1.388E-23   -5.000E-7   -1.706E-8   -3.273E-8      -3.011E-7   -1.700E-8   -6.419E-11
82   -1.823E-7   7.520E-4   1.382E-1   3.011E-1      -5.000E-7   -3.750E-13   -5.000E-7   -1.706E-8   -3.274E-8      -1.505E-7   -1.700E-8   -6.397E-11
83   -1.823E-7   7.519E-4   1.382E-1   3.011E-1      -5.000E-7   1.388E-23   -5.000E-7   -1.706E-8   -3.275E-8      -1.505E-7   -1.700E-8   -6.406E-11
84   -1.824E-7   7.519E-4   1.382E-1   3.011E-1      -5.000E-7   -1.388E-23   -1.000E-6   -1.706E-8   1.339E-7      -1.505E-7   -1.700E-8   -6.394E-11
85   -1.824E-7   7.519E-4   1.382E-1   3.011E-1      -5.000E-7   3.750E-13   -5.000E-7   -1.706E-8   -3.276E-8      -1.505E-7   -1.700E-8   -6.391E-11
86   -1.824E-7   7.519E-4   1.382E-1   3.011E-1      -1.000E-6   0.000E0   -5.000E-7   -1.706E-8   -3.277E-8      -3.011E-7   -1.700E-8   -6.381E-11
87   -1.824E-7   7.519E-4   1.382E-1   3.011E-1      -5.000E-7   -3.750E-13   -5.000E-7   -1.706E-8   -3.277E-8      -1.505E-7   -1.700E-8   -6.360E-11
88   -1.824E-7   7.519E-4   1.382E-1   3.011E-1      -5.000E-7   1.388E-23   -5.000E-7   -1.706E-8   -3.278E-8      -1.505E-7   -1.700E-8   -6.369E-11
89   -1.824E-7   7.518E-4   1.382E-1   3.011E-1      -5.000E-7   -1.388E-23   -1.000E-6   -1.706E-8   1.339E-7      -1.505E-7   -1.700E-8   -6.357E-11
90   -1.824E-7   7.518E-4   1.382E-1   3.011E-1      -5.000E-7   3.750E-13   -5.000E-7   -1.706E-8   -3.280E-8      -1.505E-7   -1.700E-8   -6.354E-11
91   -1.824E-7   7.518E-4   1.382E-1   3.011E-1      -1.000E-6   1.388E-23   -5.000E-7   -1.706E-8   -3.280E-8      -3.011E-7   -1.700E-8   -6.344E-11
92   -1.824E-7   7.518E-4   1.382E-1   3.011E-1      -5.000E-7   -3.750E-13   -5.000E-7   -1.706E-8   -3.281E-8      -1.505E-7   -1.700E-8   -6.323E-11
93   -1.824E-7   7.518E-4   1.382E-1   3.011E-1      -5.000E-7   -1.388E-23   -5.000E-7   -1.706E-8   -3.282E-8      -1.505E-7   -1.750E-8   4.367E-10
94   -1.824E-7   7.518E-4   1.382E-1   3.011E-1      -5.000E-7   1.388E-23   -1.000E-6   -1.706E-8   1.338E-7      -1.505E-7   -1.750E-8   4.368E-10
95   -1.824E-7   7.517E-4   1.382E-1   3.011E-1      -5.000E-7   3.750E-13   -5.000E-7   -1.706E-8   -3.283E-8      -1.505E-7   -1.700E-8   -6.317E-11
96   -1.824E-7   7.517E-4   1.382E-1   3.011E-1      -1.000E-6   -1.388E-23   -5.000E-7   -1.706E-8   -3.284E-8      -3.011E-7   -1.700E-8   -6.307E-11
97   -1.824E-7   7.517E-4   1.382E-1   3.011E-1      -5.000E-7   -3.750E-13   -5.000E-7   -1.706E-8   -3.285E-8      -1.505E-7   -1.700E-8   -6.286E-11
98   -1.825E-7   7.517E-4   1.382E-1   3.011E-1      -5.000E-7   1.388E-23   -5.000E-7   -1.706E-8   -3.285E-8      -1.505E-7   -1.700E-8   -6.295E-11
99   -1.825E-7   7.517E-4   1.382E-1   3.011E-1      -5.000E-7   -1.388E-23   -1.000E-6   -1.706E-8   1.338E-7      -1.505E-7   -1.700E-8   -6.283E-11
100   -1.825E-7   7.516E-4   1.382E-1   3.011E-1      -5.000E-7   3.750E-13   -5.000E-7   -1.706E-8   -3.287E-8      -1.505E-7   -1.700E-8   -6.280E-11
101   -1.825E-7   7.516E-4   1.382E-1   3.011E-1      -1.000E-6   1.388E-23   -5.000E-7   -1.706E-8   -3.288E-8      -3.011E-7   -1.700E-8   -6.270E-11
102   -1.825E-7   7.516E-4   1.382E-1   3.011E-1      -5.000E-7   -3.750E-13   -5.000E-7   -1.706E-8   -3.289E-8      -1.505E-7   -1.700E-8   -6.249E-11
103   -1.825E-7   7.516E-4   1.382E-1   3.011E-1      -5.000E-7   -1.388E-23   -5.000E-7   -1.706E-8   -3.290E-8      -1.505E-7   -1.700E-8   -6.258E-11
104   -1.825E-7   7.516E-4   1.382E-1   3.011E-1      -5.000E-7   1.388E-23   -1.000E-6   -1.706E-8   1.337E-7      -1.505E-7   -1.700E-8   -6.246E-11
105   -1.825E-7   7.516E-4   1.382E-1   3.011E-1      -5.000E-7   3.750E-13   -5.000E-7   -1.706E-8   -3.294E-8      -1.505E-7   -1.700E-8   -6.243E-11
106   -1.826E-7   7.515E-4   1.382E-1   3.011E-1      -1.000E-6   -1.388E-23   -5.000E-7   -1.706E-8   -3.298E-8      -3.011E-7   -1.700E-8   -6.233E-11
107   -1.826E-7   7.515E-4   1.382E-1   3.011E-1      -5.000E-7   -3.750E-13   -5.000E-7   -1.706E-8   -3.304E-8      -1.505E-7   -1.700E-8   -6.212E-11
108   -1.828E-7   7.515E-4   1.382E-1   3.011E-1      -5.000E-7   3.750E-13   -5.000E-7   -1.706E-8   -3.315E-8      -1.505E-7   -1.700E-8   -6.230E-11
109   -1.829E-7   7.515E-4   1.382E-1   3.011E-1      -1.000E-6   -1.388E-23   -1.000E-6   -1.706E-8   1.333E-7      -3.011E-7   -1.750E-8   4.379E-10
110   -1.833E-7   7.515E-4   1.382E-1   3.011E-1      -5.000E-7   -3.750E-13   -5.000E-7   -1.706E-8   -3.369E-8      -1.505E-7   -1.750E-8   4.381E-10
111   -1.839E-7   7.515E-4   1.382E-1   3.011E-1      -5.000E-7   1.388E-23   -5.000E-7   -1.706E-8   -3.431E-8      -1.505E-7   -1.700E-8   -6.196E-11
112   -1.850E-7   7.514E-4   1.382E-1   3.010E-1      -5.000E-7   -1.388E-23   -5.000E-7   -1.706E-8   -3.544E-8      -1.505E-7   -1.700E-8   -6.184E-11
113   -1.871E-7   7.514E-4   1.382E-1   3.010E-1      -5.000E-7   3.750E-13   -5.000E-7   -1.706E-8   -3.751E-8      -1.505E-7   -1.750E-8   4.381E-10
114   -1.909E-7   7.514E-4   1.382E-1   3.010E-1      -1.000E-6   1.388E-23   -1.000E-6   -1.706E-8   1.254E-7      -3.010E-7   -1.800E-8   9.383E-10
115   -1.977E-7   7.514E-4   1.382E-1   3.010E-1      -5.000E-7   -3.750E-13   -5.000E-7   -1.706E-8   -4.812E-8      -1.505E-7   -1.850E-8   1.439E-9
116   -2.102E-7   7.514E-4   1.382E-1   3.010E-1      -5.000E-7   3.750E-13   -5.000E-7   -1.706E-8   -6.064E-8      -1.505E-7   -1.950E-8   2.438E-9
117   -2.331E-7   7.514E-4   1.382E-1   3.010E-1      -1.000E-6   3.750E-13   -1.000E-6   -1.706E-8   8.318E-8      -3.010E-7   -2.150E-8   4.438E-9
118   -2.748E-7   7.513E-4   1.382E-1   3.010E-1      -1.000E-6   0.000E0   -1.000E-6   -1.706E-8   4.148E-8      -3.010E-7   -2.550E-8   8.439E-9
119   -3.509E-7   7.513E-4   1.382E-1   3.010E-1      -1.000E-6   6.250E-13   -1.000E-6   -1.706E-8   -3.465E-8      -3.010E-7   -3.300E-8   1.594E-8
120   -4.899E-7   7.513E-4   1.382E-1   3.010E-1      -1.500E-6   2.625E-12   -1.500E-6   -1.706E-8   -6.980E-9      -4.516E-7   -4.600E-8   2.894E-8
121   -7.437E-7   7.512E-4   1.382E-1   3.010E-1      -2.500E-6   6.875E-12   -2.500E-6   -1.706E-8   7.261E-8      -7.526E-7   -6.950E-8   5.244E-8
122   -1.207E-6   7.511E-4   1.382E-1   3.010E-1      -4.000E-6   2.138E-11   -4.000E-6   -1.706E-8   1.094E-7      -1.204E-6   -1.125E-7   9.543E-8
123   -2.052E-6   7.510E-4   1.382E-1   3.010E-1      -7.000E-6   6.400E-11   -6.500E-6   -1.706E-8   9.723E-8      -2.107E-6   -1.915E-7   1.744E-7
124   -3.595E-6   7.507E-4   1.382E-1   3.010E-1      -1.200E-5   1.960E-10   -1.200E-5   -1.706E-8   3.876E-7      -3.612E-6   -3.355E-7   3.184E-7
125   -6.410E-6   7.503E-4   1.382E-1   3.010E-1      -2.100E-5   6.691E-10   -2.150E-5   -1.706E-8   7.391E-7      -6.321E-6   -5.965E-7   5.793E-7
126   -1.154E-5   7.495E-4   1.381E-1   3.010E-1      -3.850E-5   2.195E-9   -3.750E-5   -1.705E-8   9.396E-7      -1.159E-5   -1.072E-6   1.054E-6
127   -2.089E-5   7.482E-4   1.381E-1   3.009E-1      -6.950E-5   7.197E-9   -6.800E-5   -1.705E-8   1.757E-6      -2.091E-5   -1.932E-6   1.913E-6
128   -3.788E-5   7.457E-4   1.380E-1   3.008E-1      -1.260E-4   2.369E-8   -1.240E-4   -1.704E-8   3.428E-6      -3.791E-5   -3.474E-6   3.452E-6
129   -6.866E-5   7.412E-4   1.378E-1   3.007E-1      -2.285E-4   7.735E-8   -2.250E-4   -1.702E-8   6.302E-6      -6.871E-5   -6.206E-6   6.170E-6
130   -1.241E-4   7.333E-4   1.375E-1   3.004E-1      -4.130E-4   2.495E-7   -4.050E-4   -1.698E-8   1.086E-5      -1.241E-4   -1.092E-5   1.084E-5
131   -2.226E-4   7.194E-4   1.370E-1   2.999E-1      -7.425E-4   7.853E-7   -7.235E-4   -1.692E-8   1.832E-5      -2.226E-4   -1.869E-5   1.848E-5
132   -3.945E-4   6.959E-4   1.361E-1   2.989E-1      -1.320E-3   2.369E-6   -1.273E-3   -1.680E-8   2.925E-5      -3.944E-4   -3.041E-5   2.980E-5
133   -6.836E-4   6.586E-4   1.345E-1   2.972E-1      -2.300E-3   6.651E-6   -2.182E-3   -1.660E-8   4.208E-5      -6.836E-4   -4.527E-5   4.359E-5
134   -1.141E-3   6.054E-4   1.317E-1   2.943E-1      -3.878E-3   1.666E-5   -3.586E-3   -1.626E-8   4.992E-5      -1.141E-3   -5.772E-5   5.354E-5
135   -1.798E-3   5.431E-4   1.273E-1   2.895E-1      -6.213E-3   3.526E-5   -5.536E-3   -1.572E-8   3.808E-5      -1.798E-3   -5.537E-5   4.654E-5
136   -2.608E-3   4.946E-4   1.207E-1   2.819E-1      -9.251E-3   5.930E-5   -7.853E-3   -1.490E-8   -4.900E-6      -2.607E-3   -2.541E-5   1.057E-5
137   -3.397E-3   4.923E-4   1.116E-1   2.710E-1      -1.254E-2   7.365E-5   -1.005E-2   -1.378E-8   -6.705E-5      -3.397E-3   2.834E-5   -4.677E-5
138   -3.919E-3   5.513E-4   1.006E-1   2.568E-1      -1.526E-2   5.976E-5   -1.147E-2   -1.242E-8   -1.101E-4      -3.919E-3   7.835E-5   -9.330E-5
139   -4.000E-3   6.490E-4   8.866E-2   2.404E-1      -1.663E-2   1.768E-5   -1.170E-2   -1.095E-8   -1.050E-4      -4.000E-3   9.595E-5   -1.004E-4
140   -3.661E-3   7.432E-4   7.718E-2   2.235E-1      -1.638E-2   -2.897E-5   -1.077E-2   -9.528E-9   -6.255E-5      -3.661E-3   7.846E-5   -7.123E-5
141   -3.072E-3   8.059E-4   6.712E-2   2.077E-1      -1.479E-2   -5.623E-5   -9.127E-3   -8.286E-9   -1.562E-5      -3.072E-3   4.529E-5   -3.125E-5
142   -2.421E-3   8.338E-4   5.892E-2   1.939E-1      -1.248E-2   -5.931E-5   -7.262E-3   -7.275E-9   1.490E-5      -2.421E-3   1.561E-5   -7.842E-7
143   -1.829E-3   8.371E-4   5.259E-2   1.827E-1      -1.001E-2   -4.796E-5   -5.531E-3   -6.493E-9   2.718E-5      -1.829E-3   -3.019E-6   1.500E-5
144   -1.345E-3   8.277E-4   4.786E-2   1.739E-1      -7.736E-3   -3.311E-5   -4.096E-3   -5.909E-9   2.802E-5      -1.346E-3   -1.160E-5   1.987E-5
145   -9.745E-4   8.139E-4   4.440E-2   1.673E-1      -5.826E-3   -2.064E-5   -2.980E-3   -5.482E-9   2.398E-5      -9.745E-4   -1.384E-5   1.899E-5
146   -6.993E-4   8.001E-4   4.190E-2   1.623E-1      -4.309E-3   -1.202E-5   -2.145E-3   -5.173E-9   1.878E-5      -6.993E-4   -1.292E-5   1.592E-5
147   -4.993E-4   7.881E-4   4.011E-2   1.586E-1      -3.147E-3   -6.687E-6   -1.535E-3   -4.952E-9   1.404E-5      -4.992E-4   -1.081E-5   1.248E-5
148   -3.554E-4   7.784E-4   3.883E-2   1.560E-1      -2.279E-3   -3.607E-6   -1.094E-3   -4.794E-9   1.025E-5      -3.555E-4   -8.521E-6   9.418E-6
149   -2.526E-4   7.710E-4   3.792E-2   1.541E-1      -1.640E-3   -1.907E-6   -7.786E-4   -4.682E-9   7.405E-6      -2.527E-4   -6.481E-6   6.954E-6
150   -1.794E-4   7.655E-4   3.727E-2   1.527E-1      -1.174E-3   -9.928E-7   -5.533E-4   -4.602E-9   5.303E-6      -1.794E-4   -4.820E-6   5.063E-6
151   -1.273E-4   7.614E-4   3.681E-2   1.517E-1      -8.390E-4   -5.106E-7   -3.929E-4   -4.545E-9   3.772E-6      -1.273E-4   -3.531E-6   3.655E-6
152   -9.037E-5   7.584E-4   3.649E-2   1.510E-1      -5.985E-4   -2.612E-7   -2.790E-4   -4.505E-9   2.678E-6      -9.039E-5   -2.562E-6   2.623E-6
153   -6.413E-5   7.563E-4   3.626E-2   1.505E-1      -4.260E-4   -1.332E-7   -1.980E-4   -4.476E-9   1.897E-6      -6.412E-5   -1.846E-6   1.875E-6
154   -4.552E-5   7.547E-4   3.609E-2   1.502E-1      -3.030E-4   -6.752E-8   -1.405E-4   -4.456E-9   1.343E-6      -4.550E-5   -1.325E-6   1.337E-6
155   -3.232E-5   7.536E-4   3.598E-2   1.499E-1      -2.155E-4   -3.412E-8   -9.985E-5   -4.441E-9   9.681E-7      -3.231E-5   -9.480E-7   9.521E-7
156   -2.296E-5   7.528E-4   3.589E-2   1.497E-1      -1.535E-4   -1.728E-8   -7.095E-5   -4.431E-9   6.918E-7      -2.299E-5   -6.770E-7   6.769E-7
157   -1.632E-5   7.523E-4   3.583E-2   1.496E-1      -1.090E-4   -8.778E-9   -5.040E-5   -4.424E-9   4.776E-7      -1.631E-5   -4.830E-7   4.808E-7
158   -1.161E-5   7.519E-4   3.579E-2   1.495E-1      -7.750E-5   -4.400E-9   -3.585E-5   -4.419E-9   3.331E-7      -1.159E-5   -3.445E-7   3.412E-7
159   -8.277E-6   7.516E-4   3.576E-2   1.495E-1      -5.550E-5   -2.223E-9   -2.555E-5   -4.415E-9   2.362E-7      -8.295E-6   -2.465E-7   2.426E-7
160   -5.911E-6   7.514E-4   3.574E-2   1.494E-1      -3.950E-5   -1.134E-9   -1.830E-5   -4.412E-9   1.852E-7      -5.902E-6   -1.760E-7   1.719E-7
161   -4.233E-6   7.512E-4   3.573E-2   1.494E-1      -2.850E-5   -5.700E-10   -1.310E-5   -4.411E-9   1.291E-7      -4.257E-6   -1.260E-7   1.217E-7
162   -3.044E-6   7.511E-4   3.571E-2   1.494E-1      -2.050E-5   -3.010E-10   -9.400E-6   -4.409E-9   8.492E-8      -3.062E-6   -9.100E-8   8.667E-8
163   -2.201E-6   7.510E-4   3.571E-2   1.493E-1      -1.450E-5   -1.550E-10   -6.800E-6   -4.408E-9   6.130E-8      -2.165E-6   -6.550E-8   6.113E-8
164   -1.603E-6   7.510E-4   3.570E-2   1.493E-1      -1.050E-5   -7.313E-11   -4.950E-6   -4.408E-9   4.231E-8      -1.568E-6   -4.800E-8   4.361E-8
165   -1.180E-6   7.510E-4   3.570E-2   1.493E-1      -8.000E-6   -3.712E-11   -3.650E-6   -4.407E-9   3.270E-8      -1.195E-6   -3.550E-8   3.110E-8
166   -8.792E-7   7.509E-4   3.569E-2   1.493E-1      -6.000E-6   -2.187E-11   -2.700E-6   -4.407E-9   1.643E-8      -8.959E-7   -2.600E-8   2.160E-8
167   -6.662E-7   7.509E-4   3.569E-2   1.493E-1      -4.500E-6   -1.188E-11   -2.050E-6   -4.406E-9   1.272E-8      -6.719E-7   -2.000E-8   1.560E-8
168   -5.152E-7   7.509E-4   3.569E-2   1.493E-1      -3.500E-6   -5.625E-12   -1.600E-6   -4.406E-9   1.370E-8      -5.226E-7   -1.550E-8   1.110E-8
169   -4.082E-7   7.509E-4   3.569E-2   1.493E-1      -3.000E-6   -3.000E-12   -1.250E-6   -4.406E-9   4.059E-9      -4.479E-7   -1.200E-8   7.595E-9
170   -3.323E-7   7.509E-4   3.569E-2   1.493E-1      -2.500E-6   -3.375E-12   -1.000E-6   -4.406E-9   -3.398E-9      -3.732E-7   -1.000E-8   5.595E-9
171   -2.785E-7   7.508E-4   3.569E-2   1.493E-1      -1.500E-6   -2.000E-12   -8.500E-7   -4.406E-9   3.921E-10      -2.239E-7   -8.500E-9   4.095E-9
172   -2.404E-7   7.508E-4   3.569E-2   1.493E-1      -1.500E-6   0.000E0   -7.500E-7   -4.406E-9   5.191E-9      -2.239E-7   -7.000E-9   2.594E-9
173   -2.134E-7   7.508E-4   3.568E-2   1.493E-1      -1.500E-6   -6.250E-13   -7.000E-7   -4.406E-9   1.556E-8      -2.239E-7   -6.000E-9   1.595E-9
174   -1.942E-7   7.508E-4   3.568E-2   1.493E-1      -1.000E-6   0.000E0   -6.000E-7   -4.405E-9   1.390E-9      -1.493E-7   -6.000E-9   1.595E-9
175   -1.806E-7   7.508E-4   3.568E-2   1.493E-1      -1.500E-6   6.250E-13   -5.500E-7   -4.405E-9   -1.690E-9      -2.239E-7   -5.500E-9   1.094E-9
176   -1.710E-7   7.508E-4   3.568E-2   1.493E-1      -1.500E-6   -6.250E-13   -5.500E-7   -4.405E-9   7.942E-9      -2.239E-7   -5.000E-9   5.949E-10
177   -1.642E-7   7.508E-4   3.568E-2   1.493E-1      -1.000E-6   -6.250E-13   -5.000E-7   -4.405E-9   -1.895E-9      -1.493E-7   -5.000E-9   5.949E-10
178   -1.593E-7   7.508E-4   3.568E-2   1.493E-1      -1.000E-6   0.000E0   -5.000E-7   -4.405E-9   2.946E-9      -1.493E-7   -5.000E-9   5.948E-10
179   -1.559E-7   7.508E-4   3.568E-2   1.493E-1      -1.000E-6   0.000E0   -4.500E-7   -4.405E-9   -1.029E-8      -1.493E-7   -4.500E-9   9.488E-11
180   -1.534E-7   7.508E-4   3.568E-2   1.493E-1      -1.000E-6   0.000E0   -4.500E-7   -4.405E-9   -7.852E-9      -1.493E-7   -4.500E-9   9.493E-11
181   -1.517E-7   7.508E-4   3.568E-2   1.493E-1      -1.000E-6   0.000E0   -5.000E-7   -4.405E-9   1.054E-8      -1.493E-7   -4.500E-9   9.499E-11
182   -1.505E-7   7.508E-4   3.568E-2   1.493E-1      -1.000E-6   0.000E0   -4.500E-7   -4.405E-9   -4.900E-9      -1.493E-7   -4.500E-9   9.505E-11
183   -1.496E-7   7.508E-4   3.568E-2   1.493E-1      -1.000E-6   0.000E0   -4.500E-7   -4.405E-9   -4.030E-9      -1.493E-7   -4.500E-9   9.510E-11
184   -1.490E-7   7.508E-4   3.568E-2   1.493E-1      -1.000E-6   0.000E0   -5.000E-7   -4.405E-9   1.325E-8      -1.493E-7   -4.500E-9   9.516E-11
185   -1.486E-7   7.508E-4   3.568E-2   1.493E-1      -1.000E-6   0.000E0   -4.500E-7   -4.405E-9   -2.975E-9      -1.493E-7   -4.500E-9   9.523E-11
186   -1.483E-7   7.508E-4   3.568E-2   1.493E-1      -1.000E-6   0.000E0   -4.500E-7   -4.405E-9   -2.663E-9      -1.493E-7   -4.500E-9   9.527E-11
187   -1.480E-7   7.508E-4   3.568E-2   1.493E-1      -1.000E-6   0.000E0   -4.500E-7   -4.405E-9   -2.440E-9      -1.493E-7   -4.500E-9   9.534E-11
188   -1.479E-7   7.508E-4   3.568E-2   1.493E-1      -1.000E-6   0.000E0   -4.500E-7   -4.405E-9   -2.282E-9      -1.493E-7   -4.000E-9   -4.046E-10
189   -1.478E-7   7.508E-4   3.568E-2   1.493E-1      -1.000E-6   0.000E0   -5.000E-7   -4.405E-9   1.450E-8      -1.493E-7   -4.500E-9   9.545E-11
190   -1.477E-7   7.508E-4   3.568E-2   1.493E-1      -1.000E-6   0.000E0   -4.500E-7   -4.404E-9   -2.086E-9      -1.493E-7   -4.500E-9   9.551E-11
191   -1.476E-7   7.508E-4   3.568E-2   1.493E-1      -1.000E-6   0.000E0   -4.500E-7   -4.404E-9   -2.027E-9      -1.493E-7   -4.500E-9   9.556E-11
192   -1.476E-7   7.507E-4   3.568E-2   1.493E-1      -1.000E-6   -1.388E-23   -4.500E-7   -4.404E-9   -1.984E-9      -1.493E-7   -4.500E-9   9.562E-11
193   -1.475E-7   7.507E-4   3.568E-2   1.493E-1      -1.000E-6   -1.388E-23   -4.500E-7   -4.404E-9   -1.953E-9      -1.493E-7   -4.500E-9   9.567E-11
194   -1.475E-7   7.507E-4   3.567E-2   1.493E-1      -1.000E-6   1.388E-23   -4.500E-7   -4.404E-9   -1.929E-9      -1.493E-7   -4.500E-9   9.573E-11
195   -1.475E-7   7.507E-4   3.567E-2   1.493E-1      -1.000E-6   1.388E-23   -4.500E-7   -4.404E-9   -1.911E-9      -1.493E-7   -4.000E-9   -4.042E-10
196   -1.475E-7   7.507E-4   3.567E-2   1.493E-1      -1.000E-6   0.000E0   -4.500E-7   -4.404E-9   -1.897E-9      -1.493E-7   -4.500E-9   9.584E-11
197   -1.475E-7   7.507E-4   3.567E-2   1.493E-1      -1.000E-6   0.000E0   -4.500E-7   -4.404E-9   -1.886E-9      -1.493E-7   -4.500E-9   9.589E-11
198   -1.475E-7   7.507E-4   3.567E-2   1.493E-1      -1.000E-6   0.000E0   -5.000E-7   -4.404E-9   1.479E-8      -1.493E-7   -4.500E-9   9.595E-11
199   -1.475E-7   7.507E-4   3.567E-2   1.493E-1      -1.000E-6   0.000E0   -4.500E-7   -4.404E-9   -1.869E-9      -1.493E-7   -4.500E-9   9.602E-11
200   -1.475E-7   7.507E-4   3.567E-2   1.493E-1      -1.000E-6   0.000E0   -4.500E-7   -4.404E-9   -1.862E-9      -1.493E-7   -4.000E-9   -4.039E-10
201   -1.475E-7   7.507E-4   3.567E-2   1.493E-1      -1.000E-6   0.000E0   -4.500E-7   -4.404E-9   -1.856E-9      -1.493E-7   -4.500E-9   9.613E-11
202   -1.474E-7   7.507E-4   3.567E-2   1.493E-1      -1.000E-6   0.000E0   -4.500E-7   -4.404E-9   -1.850E-9      -1.493E-7   -4.500E-9   9.618E-11
203   -1.474E-7   7.507E-4   3.567E-2   1.493E-1      -1.000E-6   0.000E0   -4.500E-7   -4.404E-9   -1.845E-9      -1.493E-7   -4.500E-9   9.624E-11
204   -1.474E-7   7.507E-4   3.567E-2   1.493E-1      -1.000E-6   0.000E0   -4.500E-7   -4.404E-9   -1.839E-9      -1.493E-7   -4.500E-9   9.629E-11
205   -1.474E-7   7.507E-4   3.567E-2   1.493E-1      -1.000E-6   0.000E0   -4.500E-7   -4.404E-9   -1.834E-9      -1.493E-7   -4.000E-9   -4.037E-10
206   -1.474E-7   7.507E-4   3.567E-2   1.493E-1      -1.000E-6   0.000E0   -4.500E-7   -4.404E-9   -1.829E-9      -1.493E-7   -4.500E-9   9.640E-11
207   -1.474E-7   7.507E-4   3.567E-2   1.493E-1      -1.000E-6   0.000E0   -5.000E-7   -4.404E-9   1.484E-8      -1.493E-7   -4.500E-9   9.646E-11
208   -1.474E-7   7.507E-4   3.567E-2   1.493E-1      -1.000E-6   0.000E0   -4.500E-7   -4.403E-9   -1.817E-9      -1.493E-7   -4.500E-9   9.652E-11
209   -1.474E-7   7.507E-4   3.567E-2   1.493E-1      -1.000E-6   0.000E0   -4.500E-7   -4.403E-9   -1.812E-9      -1.493E-7   -4.500E-9   9.657E-11
210   -1.474E-7   7.507E-4   3.567E-2   1.493E-1      -1.000E-6   0.000E0   -4.500E-7   -4.403E-9   -1.807E-9      -1.493E-7   -4.500E-9   9.663E-11
211   -1.474E-7   7.507E-4   3.567E-2   1.493E-1      -1.000E-6   0.000E0   -4.500E-7   -4.403E-9   -1.802E-9      -1.493E-7   -4.500E-9   9.668E-11
212   -1.474E-7   7.507E-4   3.567E-2   1.493E-1      -1.000E-6   0.000E0   -4.500E-7   -4.403E-9   -1.796E-9      -1.493E-7   -4.000E-9   -4.033E-10
213   -1.474E-7   7.507E-4   3.567E-2   1.493E-1      -1.000E-6   -3.750E-13   -4.500E-7   -4.403E-9   -1.791E-9      -1.493E-7   -4.500E-9   9.689E-11
214   -1.474E-7   7.506E-4   3.567E-2   1.492E-1      -5.000E-7   -3.750E-13   -4.500E-7   -4.403E-9   -1.785E-9      -7.463E-8   -4.500E-9   9.695E-11
215   -1.474E-7   7.506E-4   3.567E-2   1.492E-1      -5.000E-7   3.750E-13   -4.500E-7   -4.403E-9   -1.780E-9      -7.463E-8   -4.500E-9   9.681E-11
216   -1.474E-7   7.506E-4   3.566E-2   1.492E-1      -1.000E-6   3.750E-13   -5.000E-7   -4.403E-9   1.489E-8      -1.492E-7   -4.500E-9   9.687E-11
217   -1.474E-7   7.506E-4   3.566E-2   1.492E-1      -1.000E-6   0.000E0   -4.500E-7   -4.403E-9   -1.768E-9      -1.492E-7   -4.000E-9   -4.030E-10
218   -1.474E-7   7.506E-4   3.566E-2   1.492E-1      -1.000E-6   0.000E0   -4.500E-7   -4.403E-9   -1.762E-9      -1.492E-7   -4.500E-9   9.708E-11
219   -1.474E-7   7.506E-4   3.566E-2   1.492E-1      -1.000E-6   0.000E0   -4.500E-7   -4.403E-9   -1.756E-9      -1.492E-7   -4.500E-9   9.714E-11
220   -1.473E-7   7.506E-4   3.566E-2   1.492E-1      -1.000E-6   0.000E0   -4.500E-7   -4.403E-9   -1.750E-9      -1.492E-7   -4.500E-9   9.719E-11
221   -1.473E-7   7.506E-4   3.566E-2   1.492E-1      -1.000E-6   -1.388E-23   -4.500E-7   -4.403E-9   -1.744E-9      -1.492E-7   -4.500E-9   9.725E-11
222   -1.473E-7   7.506E-4   3.566E-2   1.492E-1      -1.000E-6   -1.388E-23   -4.500E-7   -4.403E-9   -1.738E-9      -1.492E-7   -4.000E-9   -4.027E-10
223   -1.473E-7   7.506E-4   3.566E-2   1.492E-1      -1.000E-6   1.388E-23   -4.500E-7   -4.403E-9   -1.732E-9      -1.492E-7   -4.500E-9   9.736E-11
224   -1.473E-7   7.506E-4   3.566E-2   1.492E-1      -1.000E-6   1.388E-23   -4.500E-7   -4.403E-9   -1.726E-9      -1.492E-7   -4.500E-9   9.741E-11
225   -1.473E-7   7.506E-4   3.566E-2   1.492E-1      -1.000E-6   0.000E0   -5.000E-7   -4.403E-9   1.495E-8      -1.492E-7   -4.500E-9   9.747E-11
226   -1.473E-7   7.506E-4   3.566E-2   1.492E-1      -1.000E-6   0.000E0   -4.500E-7   -4.402E-9   -1.712E-9      -1.492E-7   -4.500E-9   9.753E-11
227   -1.473E-7   7.506E-4   3.566E-2   1.492E-1      -1.000E-6   0.000E0   -4.500E-7   -4.402E-9   -1.705E-9      -1.492E-7   -4.000E-9   -4.024E-10
228   -1.473E-7   7.506E-4   3.566E-2   1.492E-1      -1.000E-6   0.000E0   -4.500E-7   -4.402E-9   -1.698E-9      -1.492E-7   -4.500E-9   9.765E-11
229   -1.473E-7   7.506E-4   3.566E-2   1.492E-1      -1.000E-6   0.000E0   -4.500E-7   -4.402E-9   -1.692E-9      -1.492E-7   -4.500E-9   9.769E-11
230   -1.473E-7   7.506E-4   3.566E-2   1.492E-1      -1.000E-6   0.000E0   -4.500E-7   -4.402E-9   -1.685E-9      -1.492E-7   -4.500E-9   9.776E-11
231   -1.473E-7   7.506E-4   3.566E-2   1.492E-1      -1.000E-6   0.000E0   -4.500E-7   -4.402E-9   -1.678E-9      -1.492E-7   -4.500E-9   9.781E-11
232   -1.473E-7   7.506E-4   3.566E-2   1.492E-1      -1.000E-6   0.000E0   -4.500E-7   -4.402E-9   -1.671E-9      -1.492E-7   -4.500E-9   9.787E-11
233   -1.473E-7   7.506E-4   3.566E-2   1.492E-1      -1.000E-6   0.000E0   -4.500E-7   -4.402E-9   -1.664E-9      -1.492E-7   -4.500E-9   9.792E-11
234   -1.473E-7   7.506E-4   3.566E-2   1.492E-1      -1.000E-6   0.000E0   -5.000E-7   -4.402E-9   1.501E-8      -1.492E-7   -4.000E-9   -4.020E-10
235   -1.472E-7   7.506E-4   3.566E-2   1.492E-1      -1.000E-6   0.000E0   -4.500E-7   -4.402E-9   -1.649E-9      -1.492E-7   -4.500E-9   9.804E-11
236   -1.472E-7   7.506E-4   3.566E-2   1.492E-1      -1.000E-6   0.000E0   -4.500E-7   -4.402E-9   -1.642E-9      -1.492E-7   -4.500E-9   9.809E-11
237   -1.472E-7   7.505E-4   3.565E-2   1.492E-1      -1.000E-6   0.000E0   -4.500E-7   -4.402E-9   -1.635E-9      -1.492E-7   -4.500E-9   9.815E-11
238   -1.472E-7   7.505E-4   3.565E-2   1.492E-1      -1.000E-6   0.000E0   -4.500E-7   -4.402E-9   -1.627E-9      -1.492E-7   -4.500E-9   9.820E-11
239   -1.472E-7   7.505E-4   3.565E-2   1.492E-1      -1.000E-6   0.000E0   -4.500E-7   -4.402E-9   -1.620E-9      -1.492E-7   -4.000E-9   -4.017E-10
240   -1.472E-7   7.505E-4   3.565E-2   1.492E-1      -1.000E-6   0.000E0   -4.500E-7   -4.402E-9   -1.612E-9      -1.492E-7   -4.500E-9   9.831E-11
241   -1.472E-7   7.505E-4   3.565E-2   1.492E-1      -1.000E-6   0.000E0   -4.500E-7   -4.402E-9   -1.604E-9      -1.492E-7   -4.500E-9   9.837E-11
242   -1.472E-7   7.505E-4   3.565E-2   1.492E-1      -1.000E-6   0.000E0   -4.500E-7   -4.402E-9   -1.596E-9      -1.492E-7   -4.500E-9   9.842E-11
243   -1.472E-7   7.505E-4   3.565E-2   1.492E-1      -1.000E-6   0.000E0   -4.500E-7   -4.402E-9   -1.589E-9      -1.492E-7   -4.500E-9   9.848E-11
244   -1.472E-7   7.505E-4   3.565E-2   1.492E-1      -1.000E-6   0.000E0   -4.500E-7   -4.401E-9   -1.580E-9      -1.492E-7   -4.000E-9   -4.015E-10
245   -1.472E-7   7.505E-4   3.565E-2   1.492E-1      -1.000E-6   0.000E0   -5.000E-7   -4.401E-9   1.509E-8      -1.492E-7   -4.500E-9   9.860E-11
246   -1.472E-7   7.505E-4   3.565E-2   1.492E-1      -1.000E-6   0.000E0   -4.500E-7   -4.401E-9   -1.563E-9      -1.492E-7   -4.500E-9   9.866E-11
247   -1.472E-7   7.505E-4   3.565E-2   1.492E-1      -1.000E-6   0.000E0   -4.500E-7   -4.401E-9   -1.555E-9      -1.492E-7   -4.500E-9   9.871E-11
248   -1.471E-7   7.505E-4   3.565E-2   1.492E-1      -1.000E-6   0.000E0   -4.500E-7   -4.401E-9   -1.547E-9      -1.492E-7   -4.500E-9   9.877E-11
249   -1.471E-7   7.505E-4   3.565E-2   1.492E-1      -1.000E-6   -1.388E-23   -4.500E-7   -4.401E-9   -1.539E-9      -1.492E-7   -4.000E-9   -4.012E-10
250   -1.471E-7   7.505E-4   3.565E-2   1.492E-1      -1.000E-6   -1.388E-23   -4.500E-7   -4.401E-9   -1.530E-9      -1.492E-7   -4.500E-9   9.888E-11
251   -1.471E-7   7.505E-4   3.565E-2   1.492E-1      -1.000E-6   1.388E-23   -4.500E-7   -4.401E-9   -1.522E-9      -1.492E-7   -4.500E-9   9.893E-11
252   -1.471E-7   7.505E-4   3.565E-2   1.492E-1      -1.000E-6   1.388E-23   -4.500E-7   -4.401E-9   -1.513E-9      -1.492E-7   -4.500E-9   9.899E-11
253   -1.471E-7   7.505E-4   3.565E-2   1.492E-1      -1.000E-6   0.000E0   -4.500E-7   -4.401E-9   -1.505E-9      -1.492E-7   -4.500E-9   9.904E-11
254   -1.471E-7   7.505E-4   3.565E-2   1.492E-1      -1.000E-6   0.000E0   -4.500E-7   -4.401E-9   -1.496E-9      -1.492E-7   -4.000E-9   -4.009E-10
255   -1.471E-7   7.505E-4   3.565E-2   1.492E-1      -1.000E-6   0.000E0   -4.500E-7   -4.401E-9   -1.488E-9      -1.492E-7   -4.500E-9   9.915E-11
256   -1.471E-7   7.505E-4   3.565E-2   1.492E-1      -1.000E-6   0.000E0   -5.000E-7   -4.401E-9   1.519E-8      -1.492E-7   -4.500E-9   9.921E-11
257   -1.471E-7   7.505E-4   3.565E-2   1.492E-1      -1.000E-6   0.000E0   -4.500E-7   -4.401E-9   -1.470E-9      -1.492E-7   -4.500E-9   9.927E-11
258   -1.471E-7   7.505E-4   3.565E-2   1.492E-1      -1.000E-6   0.000E0   -4.500E-7   -4.401E-9   -1.461E-9      -1.492E-7   -4.500E-9   9.932E-11
259   -1.471E-7   7.505E-4   3.565E-2   1.492E-1      -1.000E-6   0.000E0   -4.500E-7   -4.401E-9   -1.452E-9      -1.492E-7   -4.500E-9   9.939E-11
260   -1.470E-7   7.504E-4   3.564E-2   1.492E-1      -1.000E-6   0.000E0   -4.500E-7   -4.401E-9   -1.443E-9      -1.492E-7   -4.500E-9   9.944E-11
261   -1.470E-7   7.504E-4   3.564E-2   1.492E-1      -1.000E-6   0.000E0   -4.500E-7   -4.401E-9   -1.434E-9      -1.492E-7   -4.000E-9   -4.005E-10
262   -1.470E-7   7.504E-4   3.564E-2   1.492E-1      -1.000E-6   0.000E0   -4.500E-7   -4.400E-9   -1.424E-9      -1.492E-7   -4.500E-9   9.955E-11
263   -1.470E-7   7.504E-4   3.564E-2   1.492E-1      -1.000E-6   0.000E0   -4.500E-7   -4.400E-9   -1.414E-9      -1.492E-7   -4.500E-9   9.961E-11
264   -1.470E-7   7.504E-4   3.564E-2   1.492E-1      -1.000E-6   0.000E0   -4.500E-7   -4.400E-9   -1.405E-9      -1.492E-7   -4.500E-9   9.966E-11
265   -1.470E-7   7.504E-4   3.564E-2   1.492E-1      -1.000E-6   0.000E0   -4.500E-7   -4.400E-9   -1.395E-9      -1.492E-7   -4.500E-9   9.972E-11
266   -1.470E-7   7.504E-4   3.564E-2   1.492E-1      -1.000E-6   0.000E0   -4.500E-7   -4.400E-9   -1.386E-9      -1.492E-7   -4.000E-9   -4.002E-10
267   -1.470E-7   7.504E-4   3.564E-2   1.492E-1      -1.000E-6   0.000E0   -5.000E-7   -4.400E-9   1.529E-8      -1.492E-7   -4.500E-9   9.983E-11
268   -1.470E-7   7.504E-4   3.564E-2   1.492E-1      -1.000E-6   0.000E0   -4.500E-7   -4.400E-9   -1.366E-9      -1.492E-7   -4.500E-9   9.989E-11
269   -1.470E-7   7.504E-4   3.564E-2   1.492E-1      -1.000E-6   0.000E0   -4.500E-7   -4.400E-9   -1.355E-9      -1.492E-7   -4.500E-9   9.994E-11
270   -1.469E-7   7.504E-4   3.564E-2   1.492E-1      -1.000E-6   0.000E0   -4.500E-7   -4.400E-9   -1.344E-9      -1.492E-7   -4.500E-9   1.000E-10
271   -1.469E-7   7.504E-4   3.564E-2   1.492E-1      -1.000E-6   0.000E0   -4.500E-7   -4.400E-9   -1.333E-9      -1.492E-7   -4.000E-9   -3.999E-10
272   -1.469E-7   7.504E-4   3.564E-2   1.492E-1      -1.000E-6   0.000E0   -4.500E-7   -4.400E-9   -1.320E-9      -1.492E-7   -4.500E-9   1.001E-10
273   -1.469E-7   7.504E-4   3.564E-2   1.492E-1      -1.000E-6   0.000E0   -4.500E-7   -4.400E-9   -1.307E-9      -1.492E-7   -4.500E-9   1.002E-10
274   -1.469E-7   7.504E-4   3.564E-2   1.492E-1      -1.000E-6   0.000E0   -4.500E-7   -4.400E-9   -1.292E-9      -1.492E-7   -4.500E-9   1.002E-10
275   -1.469E-7   7.504E-4   3.564E-2   1.492E-1      -1.000E-6   0.000E0   -4.500E-7   -4.400E-9   -1.274E-9      -1.492E-7   -4.500E-9   1.003E-10
276   -1.469E-7   7.504E-4   3.564E-2   1.492E-1      -1.000E-6   0.000E0   -4.500E-7   -4.400E-9   -1.253E-9      -1.492E-7   -4.000E-9   -3.997E-10
277   -1.468E-7   7.504E-4   3.564E-2   1.492E-1      -1.000E-6   -1.388E-23   -4.500E-7   -4.400E-9   -1.228E-9      -1.492E-7   -4.500E-9   1.004E-10
278   -1.468E-7   7.504E-4   3.564E-2   1.492E-1      -1.000E-6   -1.388E-23   -4.500E-7   -4.400E-9   -1.196E-9      -1.492E-7   -4.500E-9   1.004E-10
279   -1.468E-7   7.504E-4   3.564E-2   1.492E-1      -1.000E-6   1.388E-23   -4.500E-7   -4.400E-9   -1.156E-9      -1.492E-7   -4.500E-9   1.005E-10
280   -1.467E-7   7.504E-4   3.564E-2   1.492E-1      -1.000E-6   1.388E-23   -4.500E-7   -4.399E-9   -1.101E-9      -1.492E-7   -4.500E-9   1.006E-10
281   -1.466E-7   7.504E-4   3.564E-2   1.492E-1      -1.000E-6   0.000E0   -4.500E-7   -4.399E-9   -1.030E-9      -1.492E-7   -4.000E-9   -3.994E-10
282   -1.465E-7   7.503E-4   3.563E-2   1.492E-1      -1.000E-6   0.000E0   -5.000E-7   -4.399E-9   1.573E-8      -1.492E-7   -4.500E-9   1.007E-10
283   -1.464E-7   7.503E-4   3.563E-2   1.492E-1      -1.000E-6   -3.750E-13   -4.500E-7   -4.399E-9   -8.022E-10      -1.492E-7   -4.500E-9   1.008E-10
284   -1.462E-7   7.503E-4   3.563E-2   1.492E-1      -5.000E-7   -3.750E-13   -4.500E-7   -4.399E-9   -6.191E-10      -7.459E-8   -4.500E-9   1.009E-10
285   -1.460E-7   7.503E-4   3.563E-2   1.492E-1      -5.000E-7   3.750E-13   -4.500E-7   -4.399E-9   -3.663E-10      -7.459E-8   -4.500E-9   1.007E-10
286   -1.456E-7   7.503E-4   3.563E-2   1.492E-1      -1.000E-6   3.750E-13   -4.500E-7   -4.399E-9   -1.320E-11      -1.492E-7   -4.000E-9   -3.992E-10
287   -1.451E-7   7.503E-4   3.563E-2   1.492E-1      -1.000E-6   0.000E0   -4.500E-7   -4.399E-9   4.820E-10      -1.492E-7   -4.500E-9   1.010E-10
288   -1.444E-7   7.503E-4   3.563E-2   1.492E-1      -1.000E-6   0.000E0   -4.500E-7   -4.399E-9   1.175E-9      -1.492E-7   -4.500E-9   1.010E-10
289   -1.435E-7   7.503E-4   3.563E-2   1.492E-1      -1.000E-6   0.000E0   -4.500E-7   -4.399E-9   2.151E-9      -1.492E-7   -4.000E-9   -3.989E-10
290   -1.421E-7   7.503E-4   3.563E-2   1.492E-1      -1.000E-6   0.000E0   -4.000E-7   -4.399E-9   -1.314E-8      -1.492E-7   -4.000E-9   -3.989E-10
291   -1.401E-7   7.503E-4   3.563E-2   1.492E-1      -1.000E-6   0.000E0   -4.500E-7   -4.399E-9   5.455E-9      -1.492E-7   -4.500E-9   1.012E-10
292   -1.374E-7   7.503E-4   3.563E-2   1.492E-1      -1.000E-6   0.000E0   -4.500E-7   -4.399E-9   8.179E-9      -1.492E-7   -4.500E-9   1.012E-10
293   -1.336E-7   7.503E-4   3.563E-2   1.492E-1      -1.000E-6   0.000E0   -4.000E-7   -4.399E-9   -4.647E-9      -1.492E-7   -4.000E-9   -3.987E-10
294   -1.282E-7   7.503E-4   3.563E-2   1.492E-1      -1.000E-6   0.000E0   -4.000E-7   -4.399E-9   7.697E-10      -1.492E-7   -3.500E-9   -8.987E-10
295   -1.205E-7   7.503E-4   3.563E-2   1.492E-1      -1.000E-6   -3.750E-13   -3.500E-7   -4.399E-9   -8.257E-9      -1.492E-7   -3.500E-9   -8.985E-10
296   -1.097E-7   7.503E-4   3.563E-2   1.492E-1      -5.000E-7   -3.750E-13   -3.000E-7   -4.399E-9   -1.414E-8      -7.459E-8   -3.500E-9   -8.985E-10
297   -9.453E-8   7.503E-4   3.563E-2   1.492E-1      -5.000E-7   0.000E0   -3.000E-7   -4.399E-9   1.070E-9      -7.459E-8   -3.000E-9   -1.399E-9
298   -7.306E-8   7.503E-4   3.563E-2   1.492E-1      -5.000E-7   -1.250E-13   -2.500E-7   -4.399E-9   5.872E-9      -7.458E-8   -2.000E-9   -2.398E-9
299   -4.276E-8   7.503E-4   3.563E-2   1.492E-1      0.000E0   -1.250E-13   -1.500E-7   -4.398E-9   2.838E-9      0.000E0   -1.000E-9   -3.398E-9
300   0.000E0   7.503E-4   3.563E-2   1.492E-1      0.000E0   0.000E0   -1.000E-7   -4.398E-9   2.893E-8      0.000E0   1.000E-9   -5.398E-9