# Caso  Tr  inter  rho_l  rho_g  c_l  c_g
#0  0.940  nan  0.12516600  0.12484600  1.50199200  1.49815200
#1  0.920  12.00000  0.12522000  0.12481800  1.50264000  1.49781600
#2  0.900  13.00000  0.12529100  0.12474800  1.50349200  1.49697600
3  0.850  236.82396  0.15003900  0.02847620  1.80046800  0.34171440
4  0.800  222.17437  0.16074500  0.02222500  1.92894000  0.26670000
5  0.750  211.18626  0.16982900  0.01745790  2.03794800  0.20949480
6  0.700  203.5  0.17761600  0.01392150  2.13139200  0.16705800
7  0.650  196.8  0.01122130  0.18528900  0.13465560  2.22346800
8  0.600  190.1  0.00836341  0.19252000  0.10036092  2.31024000
9  0.550  185.5  0.00593171  0.19896200  0.07118052  2.38754400
10  0.500  180.9  0.00585405  0.20484300  0.07024860  2.45811600
