# Caso  Tr  inter  rho_l  rho_g  c_l  c_g
#0  0.920  nan  0.04176860  0.04156470  0.50122320  0.49877640
#1  0.900  22.50000  0.04179880  0.04156060  0.50158560  0.49872720
#2  0.850  22.50000  0.04186750  0.04146010  0.50241000  0.49752120
3  0.800  46.0  0.04258580  0.04102210  0.51102960  0.49226520
4  0.750  50.49894  0.16996600  0.01777240  2.03959200  0.21326880
5  0.700  53.85282  0.17818400  0.01362470  2.13820800  0.16349640
6  0.650  55.92258  0.18542100  0.01143980  2.22505200  0.13727760
7  0.600  57.18006  0.19257900  0.00869193  2.31094800  0.10430316
8  0.550  57.47846  0.19886900  0.00671805  2.38642800  0.08061660
9  0.500  57.85775  0.20489400  0.00551611  2.45872800  0.06619332
