0 1 -1 1 3 -1 -1 4 4 
1 0 -1 2 4 -1 -1 5 3 
2 1 -1 1 5 -1 -1 4 4 
3 4 0 4 6 1 1 7 7 
4 3 1 5 7 0 2 8 6 
5 4 2 4 8 1 1 7 7 
6 7 3 7 9 4 4 10 10 
7 6 4 8 10 3 5 11 9 
8 7 5 7 11 4 4 10 10 
9 10 6 10 12 7 7 13 13 
10 9 7 11 13 6 8 14 12 
11 10 8 10 14 7 7 13 13 
12 13 9 13 15 10 10 16 16 
13 12 10 14 16 9 11 17 15 
14 13 11 13 17 10 10 16 16 
15 16 12 16 18 13 13 19 19 
16 15 13 17 19 12 14 20 18 
17 16 14 16 20 13 13 19 19 
18 19 15 19 21 16 16 22 22 
19 18 16 20 22 15 17 23 21 
20 19 17 19 23 16 16 22 22 
21 22 18 22 24 19 19 25 25 
22 21 19 23 25 18 20 26 24 
23 22 20 22 26 19 19 25 25 
24 25 21 25 27 22 22 28 28 
25 24 22 26 28 21 23 29 27 
26 25 23 25 29 22 22 28 28 
27 28 24 28 30 25 25 31 31 
28 27 25 29 31 24 26 32 30 
29 28 26 28 32 25 25 31 31 
30 31 27 31 33 28 28 34 34 
31 30 28 32 34 27 29 35 33 
32 31 29 31 35 28 28 34 34 
33 34 30 34 36 31 31 37 37 
34 33 31 35 37 30 32 38 36 
35 34 32 34 38 31 31 37 37 
36 37 33 37 39 34 34 40 40 
37 36 34 38 40 33 35 41 39 
38 37 35 37 41 34 34 40 40 
39 40 36 40 42 37 37 43 43 
40 39 37 41 43 36 38 44 42 
41 40 38 40 44 37 37 43 43 
42 43 39 43 45 40 40 46 46 
43 42 40 44 46 39 41 47 45 
44 43 41 43 47 40 40 46 46 
45 46 42 46 48 43 43 49 49 
46 45 43 47 49 42 44 50 48 
47 46 44 46 50 43 43 49 49 
48 49 45 49 51 46 46 52 52 
49 48 46 50 52 45 47 53 51 
50 49 47 49 53 46 46 52 52 
51 52 48 52 54 49 49 55 55 
52 51 49 53 55 48 50 56 54 
53 52 50 52 56 49 49 55 55 
54 55 51 55 57 52 52 58 58 
55 54 52 56 58 51 53 59 57 
56 55 53 55 59 52 52 58 58 
57 58 54 58 60 55 55 61 61 
58 57 55 59 61 54 56 62 60 
59 58 56 58 62 55 55 61 61 
60 61 57 61 63 58 58 64 64 
61 60 58 62 64 57 59 65 63 
62 61 59 61 65 58 58 64 64 
63 64 60 64 66 61 61 67 67 
64 63 61 65 67 60 62 68 66 
65 64 62 64 68 61 61 67 67 
66 67 63 67 69 64 64 70 70 
67 66 64 68 70 63 65 71 69 
68 67 65 67 71 64 64 70 70 
69 70 66 70 72 67 67 73 73 
70 69 67 71 73 66 68 74 72 
71 70 68 70 74 67 67 73 73 
72 73 69 73 75 70 70 76 76 
73 72 70 74 76 69 71 77 75 
74 73 71 73 77 70 70 76 76 
75 76 72 76 78 73 73 79 79 
76 75 73 77 79 72 74 80 78 
77 76 74 76 80 73 73 79 79 
78 79 75 79 81 76 76 82 82 
79 78 76 80 82 75 77 83 81 
80 79 77 79 83 76 76 82 82 
81 82 78 82 84 79 79 85 85 
82 81 79 83 85 78 80 86 84 
83 82 80 82 86 79 79 85 85 
84 85 81 85 87 82 82 88 88 
85 84 82 86 88 81 83 89 87 
86 85 83 85 89 82 82 88 88 
87 88 84 88 90 85 85 91 91 
88 87 85 89 91 84 86 92 90 
89 88 86 88 92 85 85 91 91 
90 91 87 91 93 88 88 94 94 
91 90 88 92 94 87 89 95 93 
92 91 89 91 95 88 88 94 94 
93 94 90 94 96 91 91 97 97 
94 93 91 95 97 90 92 98 96 
95 94 92 94 98 91 91 97 97 
96 97 93 97 99 94 94 100 100 
97 96 94 98 100 93 95 101 99 
98 97 95 97 101 94 94 100 100 
99 100 96 100 102 97 97 103 103 
100 99 97 101 103 96 98 104 102 
101 100 98 100 104 97 97 103 103 
102 103 99 103 105 100 100 106 106 
103 102 100 104 106 99 101 107 105 
104 103 101 103 107 100 100 106 106 
105 106 102 106 108 103 103 109 109 
106 105 103 107 109 102 104 110 108 
107 106 104 106 110 103 103 109 109 
108 109 105 109 111 106 106 112 112 
109 108 106 110 112 105 107 113 111 
110 109 107 109 113 106 106 112 112 
111 112 108 112 114 109 109 115 115 
112 111 109 113 115 108 110 116 114 
113 112 110 112 116 109 109 115 115 
114 115 111 115 117 112 112 118 118 
115 114 112 116 118 111 113 119 117 
116 115 113 115 119 112 112 118 118 
117 118 114 118 120 115 115 121 121 
118 117 115 119 121 114 116 122 120 
119 118 116 118 122 115 115 121 121 
120 121 117 121 123 118 118 124 124 
121 120 118 122 124 117 119 125 123 
122 121 119 121 125 118 118 124 124 
123 124 120 124 126 121 121 127 127 
124 123 121 125 127 120 122 128 126 
125 124 122 124 128 121 121 127 127 
126 127 123 127 129 124 124 130 130 
127 126 124 128 130 123 125 131 129 
128 127 125 127 131 124 124 130 130 
129 130 126 130 132 127 127 133 133 
130 129 127 131 133 126 128 134 132 
131 130 128 130 134 127 127 133 133 
132 133 129 133 135 130 130 136 136 
133 132 130 134 136 129 131 137 135 
134 133 131 133 137 130 130 136 136 
135 136 132 136 138 133 133 139 139 
136 135 133 137 139 132 134 140 138 
137 136 134 136 140 133 133 139 139 
138 139 135 139 141 136 136 142 142 
139 138 136 140 142 135 137 143 141 
140 139 137 139 143 136 136 142 142 
141 142 138 142 144 139 139 145 145 
142 141 139 143 145 138 140 146 144 
143 142 140 142 146 139 139 145 145 
144 145 141 145 147 142 142 148 148 
145 144 142 146 148 141 143 149 147 
146 145 143 145 149 142 142 148 148 
147 148 144 148 150 145 145 151 151 
148 147 145 149 151 144 146 152 150 
149 148 146 148 152 145 145 151 151 
150 151 147 151 153 148 148 154 154 
151 150 148 152 154 147 149 155 153 
152 151 149 151 155 148 148 154 154 
153 154 150 154 156 151 151 157 157 
154 153 151 155 157 150 152 158 156 
155 154 152 154 158 151 151 157 157 
156 157 153 157 159 154 154 160 160 
157 156 154 158 160 153 155 161 159 
158 157 155 157 161 154 154 160 160 
159 160 156 160 162 157 157 163 163 
160 159 157 161 163 156 158 164 162 
161 160 158 160 164 157 157 163 163 
162 163 159 163 165 160 160 166 166 
163 162 160 164 166 159 161 167 165 
164 163 161 163 167 160 160 166 166 
165 166 162 166 168 163 163 169 169 
166 165 163 167 169 162 164 170 168 
167 166 164 166 170 163 163 169 169 
168 169 165 169 171 166 166 172 172 
169 168 166 170 172 165 167 173 171 
170 169 167 169 173 166 166 172 172 
171 172 168 172 174 169 169 175 175 
172 171 169 173 175 168 170 176 174 
173 172 170 172 176 169 169 175 175 
174 175 171 175 177 172 172 178 178 
175 174 172 176 178 171 173 179 177 
176 175 173 175 179 172 172 178 178 
177 178 174 178 180 175 175 181 181 
178 177 175 179 181 174 176 182 180 
179 178 176 178 182 175 175 181 181 
180 181 177 181 183 178 178 184 184 
181 180 178 182 184 177 179 185 183 
182 181 179 181 185 178 178 184 184 
183 184 180 184 186 181 181 187 187 
184 183 181 185 187 180 182 188 186 
185 184 182 184 188 181 181 187 187 
186 187 183 187 189 184 184 190 190 
187 186 184 188 190 183 185 191 189 
188 187 185 187 191 184 184 190 190 
189 190 186 190 192 187 187 193 193 
190 189 187 191 193 186 188 194 192 
191 190 188 190 194 187 187 193 193 
192 193 189 193 195 190 190 196 196 
193 192 190 194 196 189 191 197 195 
194 193 191 193 197 190 190 196 196 
195 196 192 196 198 193 193 199 199 
196 195 193 197 199 192 194 200 198 
197 196 194 196 200 193 193 199 199 
198 199 195 199 201 196 196 202 202 
199 198 196 200 202 195 197 203 201 
200 199 197 199 203 196 196 202 202 
201 202 198 202 204 199 199 205 205 
202 201 199 203 205 198 200 206 204 
203 202 200 202 206 199 199 205 205 
204 205 201 205 207 202 202 208 208 
205 204 202 206 208 201 203 209 207 
206 205 203 205 209 202 202 208 208 
207 208 204 208 210 205 205 211 211 
208 207 205 209 211 204 206 212 210 
209 208 206 208 212 205 205 211 211 
210 211 207 211 213 208 208 214 214 
211 210 208 212 214 207 209 215 213 
212 211 209 211 215 208 208 214 214 
213 214 210 214 216 211 211 217 217 
214 213 211 215 217 210 212 218 216 
215 214 212 214 218 211 211 217 217 
216 217 213 217 219 214 214 220 220 
217 216 214 218 220 213 215 221 219 
218 217 215 217 221 214 214 220 220 
219 220 216 220 222 217 217 223 223 
220 219 217 221 223 216 218 224 222 
221 220 218 220 224 217 217 223 223 
222 223 219 223 225 220 220 226 226 
223 222 220 224 226 219 221 227 225 
224 223 221 223 227 220 220 226 226 
225 226 222 226 228 223 223 229 229 
226 225 223 227 229 222 224 230 228 
227 226 224 226 230 223 223 229 229 
228 229 225 229 231 226 226 232 232 
229 228 226 230 232 225 227 233 231 
230 229 227 229 233 226 226 232 232 
231 232 228 232 234 229 229 235 235 
232 231 229 233 235 228 230 236 234 
233 232 230 232 236 229 229 235 235 
234 235 231 235 237 232 232 238 238 
235 234 232 236 238 231 233 239 237 
236 235 233 235 239 232 232 238 238 
237 238 234 238 240 235 235 241 241 
238 237 235 239 241 234 236 242 240 
239 238 236 238 242 235 235 241 241 
240 241 237 241 243 238 238 244 244 
241 240 238 242 244 237 239 245 243 
242 241 239 241 245 238 238 244 244 
243 244 240 244 246 241 241 247 247 
244 243 241 245 247 240 242 248 246 
245 244 242 244 248 241 241 247 247 
246 247 243 247 249 244 244 250 250 
247 246 244 248 250 243 245 251 249 
248 247 245 247 251 244 244 250 250 
249 250 246 250 252 247 247 253 253 
250 249 247 251 253 246 248 254 252 
251 250 248 250 254 247 247 253 253 
252 253 249 253 255 250 250 256 256 
253 252 250 254 256 249 251 257 255 
254 253 251 253 257 250 250 256 256 
255 256 252 256 258 253 253 259 259 
256 255 253 257 259 252 254 260 258 
257 256 254 256 260 253 253 259 259 
258 259 255 259 261 256 256 262 262 
259 258 256 260 262 255 257 263 261 
260 259 257 259 263 256 256 262 262 
261 262 258 262 264 259 259 265 265 
262 261 259 263 265 258 260 266 264 
263 262 260 262 266 259 259 265 265 
264 265 261 265 267 262 262 268 268 
265 264 262 266 268 261 263 269 267 
266 265 263 265 269 262 262 268 268 
267 268 264 268 270 265 265 271 271 
268 267 265 269 271 264 266 272 270 
269 268 266 268 272 265 265 271 271 
270 271 267 271 273 268 268 274 274 
271 270 268 272 274 267 269 275 273 
272 271 269 271 275 268 268 274 274 
273 274 270 274 276 271 271 277 277 
274 273 271 275 277 270 272 278 276 
275 274 272 274 278 271 271 277 277 
276 277 273 277 279 274 274 280 280 
277 276 274 278 280 273 275 281 279 
278 277 275 277 281 274 274 280 280 
279 280 276 280 282 277 277 283 283 
280 279 277 281 283 276 278 284 282 
281 280 278 280 284 277 277 283 283 
282 283 279 283 285 280 280 286 286 
283 282 280 284 286 279 281 287 285 
284 283 281 283 287 280 280 286 286 
285 286 282 286 288 283 283 289 289 
286 285 283 287 289 282 284 290 288 
287 286 284 286 290 283 283 289 289 
288 289 285 289 291 286 286 292 292 
289 288 286 290 292 285 287 293 291 
290 289 287 289 293 286 286 292 292 
291 292 288 292 294 289 289 295 295 
292 291 289 293 295 288 290 296 294 
293 292 290 292 296 289 289 295 295 
294 295 291 295 297 292 292 298 298 
295 294 292 296 298 291 293 299 297 
296 295 293 295 299 292 292 298 298 
297 298 294 298 300 295 295 301 301 
298 297 295 299 301 294 296 302 300 
299 298 296 298 302 295 295 301 301 
300 301 297 301 303 298 298 304 304 
301 300 298 302 304 297 299 305 303 
302 301 299 301 305 298 298 304 304 
303 304 300 304 306 301 301 307 307 
304 303 301 305 307 300 302 308 306 
305 304 302 304 308 301 301 307 307 
306 307 303 307 309 304 304 310 310 
307 306 304 308 310 303 305 311 309 
308 307 305 307 311 304 304 310 310 
309 310 306 310 312 307 307 313 313 
310 309 307 311 313 306 308 314 312 
311 310 308 310 314 307 307 313 313 
312 313 309 313 315 310 310 316 316 
313 312 310 314 316 309 311 317 315 
314 313 311 313 317 310 310 316 316 
315 316 312 316 318 313 313 319 319 
316 315 313 317 319 312 314 320 318 
317 316 314 316 320 313 313 319 319 
318 319 315 319 321 316 316 322 322 
319 318 316 320 322 315 317 323 321 
320 319 317 319 323 316 316 322 322 
321 322 318 322 324 319 319 325 325 
322 321 319 323 325 318 320 326 324 
323 322 320 322 326 319 319 325 325 
324 325 321 325 327 322 322 328 328 
325 324 322 326 328 321 323 329 327 
326 325 323 325 329 322 322 328 328 
327 328 324 328 330 325 325 331 331 
328 327 325 329 331 324 326 332 330 
329 328 326 328 332 325 325 331 331 
330 331 327 331 333 328 328 334 334 
331 330 328 332 334 327 329 335 333 
332 331 329 331 335 328 328 334 334 
333 334 330 334 336 331 331 337 337 
334 333 331 335 337 330 332 338 336 
335 334 332 334 338 331 331 337 337 
336 337 333 337 339 334 334 340 340 
337 336 334 338 340 333 335 341 339 
338 337 335 337 341 334 334 340 340 
339 340 336 340 342 337 337 343 343 
340 339 337 341 343 336 338 344 342 
341 340 338 340 344 337 337 343 343 
342 343 339 343 345 340 340 346 346 
343 342 340 344 346 339 341 347 345 
344 343 341 343 347 340 340 346 346 
345 346 342 346 348 343 343 349 349 
346 345 343 347 349 342 344 350 348 
347 346 344 346 350 343 343 349 349 
348 349 345 349 351 346 346 352 352 
349 348 346 350 352 345 347 353 351 
350 349 347 349 353 346 346 352 352 
351 352 348 352 354 349 349 355 355 
352 351 349 353 355 348 350 356 354 
353 352 350 352 356 349 349 355 355 
354 355 351 355 357 352 352 358 358 
355 354 352 356 358 351 353 359 357 
356 355 353 355 359 352 352 358 358 
357 358 354 358 360 355 355 361 361 
358 357 355 359 361 354 356 362 360 
359 358 356 358 362 355 355 361 361 
360 361 357 361 363 358 358 364 364 
361 360 358 362 364 357 359 365 363 
362 361 359 361 365 358 358 364 364 
363 364 360 364 366 361 361 367 367 
364 363 361 365 367 360 362 368 366 
365 364 362 364 368 361 361 367 367 
366 367 363 367 369 364 364 370 370 
367 366 364 368 370 363 365 371 369 
368 367 365 367 371 364 364 370 370 
369 370 366 370 372 367 367 373 373 
370 369 367 371 373 366 368 374 372 
371 370 368 370 374 367 367 373 373 
372 373 369 373 375 370 370 376 376 
373 372 370 374 376 369 371 377 375 
374 373 371 373 377 370 370 376 376 
375 376 372 376 378 373 373 379 379 
376 375 373 377 379 372 374 380 378 
377 376 374 376 380 373 373 379 379 
378 379 375 379 381 376 376 382 382 
379 378 376 380 382 375 377 383 381 
380 379 377 379 383 376 376 382 382 
381 382 378 382 384 379 379 385 385 
382 381 379 383 385 378 380 386 384 
383 382 380 382 386 379 379 385 385 
384 385 381 385 387 382 382 388 388 
385 384 382 386 388 381 383 389 387 
386 385 383 385 389 382 382 388 388 
387 388 384 388 390 385 385 391 391 
388 387 385 389 391 384 386 392 390 
389 388 386 388 392 385 385 391 391 
390 391 387 391 393 388 388 394 394 
391 390 388 392 394 387 389 395 393 
392 391 389 391 395 388 388 394 394 
393 394 390 394 396 391 391 397 397 
394 393 391 395 397 390 392 398 396 
395 394 392 394 398 391 391 397 397 
396 397 393 397 399 394 394 400 400 
397 396 394 398 400 393 395 401 399 
398 397 395 397 401 394 394 400 400 
399 400 396 400 402 397 397 403 403 
400 399 397 401 403 396 398 404 402 
401 400 398 400 404 397 397 403 403 
402 403 399 403 405 400 400 406 406 
403 402 400 404 406 399 401 407 405 
404 403 401 403 407 400 400 406 406 
405 406 402 406 408 403 403 409 409 
406 405 403 407 409 402 404 410 408 
407 406 404 406 410 403 403 409 409 
408 409 405 409 411 406 406 412 412 
409 408 406 410 412 405 407 413 411 
410 409 407 409 413 406 406 412 412 
411 412 408 412 414 409 409 415 415 
412 411 409 413 415 408 410 416 414 
413 412 410 412 416 409 409 415 415 
414 415 411 415 417 412 412 418 418 
415 414 412 416 418 411 413 419 417 
416 415 413 415 419 412 412 418 418 
417 418 414 418 420 415 415 421 421 
418 417 415 419 421 414 416 422 420 
419 418 416 418 422 415 415 421 421 
420 421 417 421 423 418 418 424 424 
421 420 418 422 424 417 419 425 423 
422 421 419 421 425 418 418 424 424 
423 424 420 424 426 421 421 427 427 
424 423 421 425 427 420 422 428 426 
425 424 422 424 428 421 421 427 427 
426 427 423 427 429 424 424 430 430 
427 426 424 428 430 423 425 431 429 
428 427 425 427 431 424 424 430 430 
429 430 426 430 432 427 427 433 433 
430 429 427 431 433 426 428 434 432 
431 430 428 430 434 427 427 433 433 
432 433 429 433 435 430 430 436 436 
433 432 430 434 436 429 431 437 435 
434 433 431 433 437 430 430 436 436 
435 436 432 436 438 433 433 439 439 
436 435 433 437 439 432 434 440 438 
437 436 434 436 440 433 433 439 439 
438 439 435 439 441 436 436 442 442 
439 438 436 440 442 435 437 443 441 
440 439 437 439 443 436 436 442 442 
441 442 438 442 444 439 439 445 445 
442 441 439 443 445 438 440 446 444 
443 442 440 442 446 439 439 445 445 
444 445 441 445 447 442 442 448 448 
445 444 442 446 448 441 443 449 447 
446 445 443 445 449 442 442 448 448 
447 448 444 448 450 445 445 451 451 
448 447 445 449 451 444 446 452 450 
449 448 446 448 452 445 445 451 451 
450 451 447 451 453 448 448 454 454 
451 450 448 452 454 447 449 455 453 
452 451 449 451 455 448 448 454 454 
453 454 450 454 456 451 451 457 457 
454 453 451 455 457 450 452 458 456 
455 454 452 454 458 451 451 457 457 
456 457 453 457 459 454 454 460 460 
457 456 454 458 460 453 455 461 459 
458 457 455 457 461 454 454 460 460 
459 460 456 460 462 457 457 463 463 
460 459 457 461 463 456 458 464 462 
461 460 458 460 464 457 457 463 463 
462 463 459 463 465 460 460 466 466 
463 462 460 464 466 459 461 467 465 
464 463 461 463 467 460 460 466 466 
465 466 462 466 468 463 463 469 469 
466 465 463 467 469 462 464 470 468 
467 466 464 466 470 463 463 469 469 
468 469 465 469 471 466 466 472 472 
469 468 466 470 472 465 467 473 471 
470 469 467 469 473 466 466 472 472 
471 472 468 472 474 469 469 475 475 
472 471 469 473 475 468 470 476 474 
473 472 470 472 476 469 469 475 475 
474 475 471 475 477 472 472 478 478 
475 474 472 476 478 471 473 479 477 
476 475 473 475 479 472 472 478 478 
477 478 474 478 480 475 475 481 481 
478 477 475 479 481 474 476 482 480 
479 478 476 478 482 475 475 481 481 
480 481 477 481 483 478 478 484 484 
481 480 478 482 484 477 479 485 483 
482 481 479 481 485 478 478 484 484 
483 484 480 484 486 481 481 487 487 
484 483 481 485 487 480 482 488 486 
485 484 482 484 488 481 481 487 487 
486 487 483 487 489 484 484 490 490 
487 486 484 488 490 483 485 491 489 
488 487 485 487 491 484 484 490 490 
489 490 486 490 492 487 487 493 493 
490 489 487 491 493 486 488 494 492 
491 490 488 490 494 487 487 493 493 
492 493 489 493 495 490 490 496 496 
493 492 490 494 496 489 491 497 495 
494 493 491 493 497 490 490 496 496 
495 496 492 496 498 493 493 499 499 
496 495 493 497 499 492 494 500 498 
497 496 494 496 500 493 493 499 499 
498 499 495 499 501 496 496 502 502 
499 498 496 500 502 495 497 503 501 
500 499 497 499 503 496 496 502 502 
501 502 498 502 504 499 499 505 505 
502 501 499 503 505 498 500 506 504 
503 502 500 502 506 499 499 505 505 
504 505 501 505 507 502 502 508 508 
505 504 502 506 508 501 503 509 507 
506 505 503 505 509 502 502 508 508 
507 508 504 508 510 505 505 511 511 
508 507 505 509 511 504 506 512 510 
509 508 506 508 512 505 505 511 511 
510 511 507 511 513 508 508 514 514 
511 510 508 512 514 507 509 515 513 
512 511 509 511 515 508 508 514 514 
513 514 510 514 516 511 511 517 517 
514 513 511 515 517 510 512 518 516 
515 514 512 514 518 511 511 517 517 
516 517 513 517 519 514 514 520 520 
517 516 514 518 520 513 515 521 519 
518 517 515 517 521 514 514 520 520 
519 520 516 520 522 517 517 523 523 
520 519 517 521 523 516 518 524 522 
521 520 518 520 524 517 517 523 523 
522 523 519 523 525 520 520 526 526 
523 522 520 524 526 519 521 527 525 
524 523 521 523 527 520 520 526 526 
525 526 522 526 528 523 523 529 529 
526 525 523 527 529 522 524 530 528 
527 526 524 526 530 523 523 529 529 
528 529 525 529 531 526 526 532 532 
529 528 526 530 532 525 527 533 531 
530 529 527 529 533 526 526 532 532 
531 532 528 532 534 529 529 535 535 
532 531 529 533 535 528 530 536 534 
533 532 530 532 536 529 529 535 535 
534 535 531 535 537 532 532 538 538 
535 534 532 536 538 531 533 539 537 
536 535 533 535 539 532 532 538 538 
537 538 534 538 540 535 535 541 541 
538 537 535 539 541 534 536 542 540 
539 538 536 538 542 535 535 541 541 
540 541 537 541 543 538 538 544 544 
541 540 538 542 544 537 539 545 543 
542 541 539 541 545 538 538 544 544 
543 544 540 544 546 541 541 547 547 
544 543 541 545 547 540 542 548 546 
545 544 542 544 548 541 541 547 547 
546 547 543 547 549 544 544 550 550 
547 546 544 548 550 543 545 551 549 
548 547 545 547 551 544 544 550 550 
549 550 546 550 552 547 547 553 553 
550 549 547 551 553 546 548 554 552 
551 550 548 550 554 547 547 553 553 
552 553 549 553 555 550 550 556 556 
553 552 550 554 556 549 551 557 555 
554 553 551 553 557 550 550 556 556 
555 556 552 556 558 553 553 559 559 
556 555 553 557 559 552 554 560 558 
557 556 554 556 560 553 553 559 559 
558 559 555 559 561 556 556 562 562 
559 558 556 560 562 555 557 563 561 
560 559 557 559 563 556 556 562 562 
561 562 558 562 564 559 559 565 565 
562 561 559 563 565 558 560 566 564 
563 562 560 562 566 559 559 565 565 
564 565 561 565 567 562 562 568 568 
565 564 562 566 568 561 563 569 567 
566 565 563 565 569 562 562 568 568 
567 568 564 568 570 565 565 571 571 
568 567 565 569 571 564 566 572 570 
569 568 566 568 572 565 565 571 571 
570 571 567 571 573 568 568 574 574 
571 570 568 572 574 567 569 575 573 
572 571 569 571 575 568 568 574 574 
573 574 570 574 576 571 571 577 577 
574 573 571 575 577 570 572 578 576 
575 574 572 574 578 571 571 577 577 
576 577 573 577 579 574 574 580 580 
577 576 574 578 580 573 575 581 579 
578 577 575 577 581 574 574 580 580 
579 580 576 580 582 577 577 583 583 
580 579 577 581 583 576 578 584 582 
581 580 578 580 584 577 577 583 583 
582 583 579 583 585 580 580 586 586 
583 582 580 584 586 579 581 587 585 
584 583 581 583 587 580 580 586 586 
585 586 582 586 588 583 583 589 589 
586 585 583 587 589 582 584 590 588 
587 586 584 586 590 583 583 589 589 
588 589 585 589 591 586 586 592 592 
589 588 586 590 592 585 587 593 591 
590 589 587 589 593 586 586 592 592 
591 592 588 592 594 589 589 595 595 
592 591 589 593 595 588 590 596 594 
593 592 590 592 596 589 589 595 595 
594 595 591 595 597 592 592 598 598 
595 594 592 596 598 591 593 599 597 
596 595 593 595 599 592 592 598 598 
597 598 594 598 600 595 595 601 601 
598 597 595 599 601 594 596 602 600 
599 598 596 598 602 595 595 601 601 
600 601 597 601 603 598 598 604 604 
601 600 598 602 604 597 599 605 603 
602 601 599 601 605 598 598 604 604 
603 604 600 604 606 601 601 607 607 
604 603 601 605 607 600 602 608 606 
605 604 602 604 608 601 601 607 607 
606 607 603 607 609 604 604 610 610 
607 606 604 608 610 603 605 611 609 
608 607 605 607 611 604 604 610 610 
609 610 606 610 612 607 607 613 613 
610 609 607 611 613 606 608 614 612 
611 610 608 610 614 607 607 613 613 
612 613 609 613 615 610 610 616 616 
613 612 610 614 616 609 611 617 615 
614 613 611 613 617 610 610 616 616 
615 616 612 616 618 613 613 619 619 
616 615 613 617 619 612 614 620 618 
617 616 614 616 620 613 613 619 619 
618 619 615 619 621 616 616 622 622 
619 618 616 620 622 615 617 623 621 
620 619 617 619 623 616 616 622 622 
621 622 618 622 624 619 619 625 625 
622 621 619 623 625 618 620 626 624 
623 622 620 622 626 619 619 625 625 
624 625 621 625 627 622 622 628 628 
625 624 622 626 628 621 623 629 627 
626 625 623 625 629 622 622 628 628 
627 628 624 628 630 625 625 631 631 
628 627 625 629 631 624 626 632 630 
629 628 626 628 632 625 625 631 631 
630 631 627 631 633 628 628 634 634 
631 630 628 632 634 627 629 635 633 
632 631 629 631 635 628 628 634 634 
633 634 630 634 636 631 631 637 637 
634 633 631 635 637 630 632 638 636 
635 634 632 634 638 631 631 637 637 
636 637 633 637 639 634 634 640 640 
637 636 634 638 640 633 635 641 639 
638 637 635 637 641 634 634 640 640 
639 640 636 640 642 637 637 643 643 
640 639 637 641 643 636 638 644 642 
641 640 638 640 644 637 637 643 643 
642 643 639 643 645 640 640 646 646 
643 642 640 644 646 639 641 647 645 
644 643 641 643 647 640 640 646 646 
645 646 642 646 648 643 643 649 649 
646 645 643 647 649 642 644 650 648 
647 646 644 646 650 643 643 649 649 
648 649 645 649 651 646 646 652 652 
649 648 646 650 652 645 647 653 651 
650 649 647 649 653 646 646 652 652 
651 652 648 652 654 649 649 655 655 
652 651 649 653 655 648 650 656 654 
653 652 650 652 656 649 649 655 655 
654 655 651 655 657 652 652 658 658 
655 654 652 656 658 651 653 659 657 
656 655 653 655 659 652 652 658 658 
657 658 654 658 660 655 655 661 661 
658 657 655 659 661 654 656 662 660 
659 658 656 658 662 655 655 661 661 
660 661 657 661 663 658 658 664 664 
661 660 658 662 664 657 659 665 663 
662 661 659 661 665 658 658 664 664 
663 664 660 664 666 661 661 667 667 
664 663 661 665 667 660 662 668 666 
665 664 662 664 668 661 661 667 667 
666 667 663 667 669 664 664 670 670 
667 666 664 668 670 663 665 671 669 
668 667 665 667 671 664 664 670 670 
669 670 666 670 672 667 667 673 673 
670 669 667 671 673 666 668 674 672 
671 670 668 670 674 667 667 673 673 
672 673 669 673 675 670 670 676 676 
673 672 670 674 676 669 671 677 675 
674 673 671 673 677 670 670 676 676 
675 676 672 676 678 673 673 679 679 
676 675 673 677 679 672 674 680 678 
677 676 674 676 680 673 673 679 679 
678 679 675 679 681 676 676 682 682 
679 678 676 680 682 675 677 683 681 
680 679 677 679 683 676 676 682 682 
681 682 678 682 684 679 679 685 685 
682 681 679 683 685 678 680 686 684 
683 682 680 682 686 679 679 685 685 
684 685 681 685 687 682 682 688 688 
685 684 682 686 688 681 683 689 687 
686 685 683 685 689 682 682 688 688 
687 688 684 688 690 685 685 691 691 
688 687 685 689 691 684 686 692 690 
689 688 686 688 692 685 685 691 691 
690 691 687 691 693 688 688 694 694 
691 690 688 692 694 687 689 695 693 
692 691 689 691 695 688 688 694 694 
693 694 690 694 696 691 691 697 697 
694 693 691 695 697 690 692 698 696 
695 694 692 694 698 691 691 697 697 
696 697 693 697 699 694 694 700 700 
697 696 694 698 700 693 695 701 699 
698 697 695 697 701 694 694 700 700 
699 700 696 700 702 697 697 703 703 
700 699 697 701 703 696 698 704 702 
701 700 698 700 704 697 697 703 703 
702 703 699 703 705 700 700 706 706 
703 702 700 704 706 699 701 707 705 
704 703 701 703 707 700 700 706 706 
705 706 702 706 708 703 703 709 709 
706 705 703 707 709 702 704 710 708 
707 706 704 706 710 703 703 709 709 
708 709 705 709 711 706 706 712 712 
709 708 706 710 712 705 707 713 711 
710 709 707 709 713 706 706 712 712 
711 712 708 712 714 709 709 715 715 
712 711 709 713 715 708 710 716 714 
713 712 710 712 716 709 709 715 715 
714 715 711 715 717 712 712 718 718 
715 714 712 716 718 711 713 719 717 
716 715 713 715 719 712 712 718 718 
717 718 714 718 720 715 715 721 721 
718 717 715 719 721 714 716 722 720 
719 718 716 718 722 715 715 721 721 
720 721 717 721 723 718 718 724 724 
721 720 718 722 724 717 719 725 723 
722 721 719 721 725 718 718 724 724 
723 724 720 724 726 721 721 727 727 
724 723 721 725 727 720 722 728 726 
725 724 722 724 728 721 721 727 727 
726 727 723 727 729 724 724 730 730 
727 726 724 728 730 723 725 731 729 
728 727 725 727 731 724 724 730 730 
729 730 726 730 732 727 727 733 733 
730 729 727 731 733 726 728 734 732 
731 730 728 730 734 727 727 733 733 
732 733 729 733 735 730 730 736 736 
733 732 730 734 736 729 731 737 735 
734 733 731 733 737 730 730 736 736 
735 736 732 736 738 733 733 739 739 
736 735 733 737 739 732 734 740 738 
737 736 734 736 740 733 733 739 739 
738 739 735 739 741 736 736 742 742 
739 738 736 740 742 735 737 743 741 
740 739 737 739 743 736 736 742 742 
741 742 738 742 744 739 739 745 745 
742 741 739 743 745 738 740 746 744 
743 742 740 742 746 739 739 745 745 
744 745 741 745 747 742 742 748 748 
745 744 742 746 748 741 743 749 747 
746 745 743 745 749 742 742 748 748 
747 748 744 748 750 745 745 751 751 
748 747 745 749 751 744 746 752 750 
749 748 746 748 752 745 745 751 751 
750 751 747 751 753 748 748 754 754 
751 750 748 752 754 747 749 755 753 
752 751 749 751 755 748 748 754 754 
753 754 750 754 756 751 751 757 757 
754 753 751 755 757 750 752 758 756 
755 754 752 754 758 751 751 757 757 
756 757 753 757 759 754 754 760 760 
757 756 754 758 760 753 755 761 759 
758 757 755 757 761 754 754 760 760 
759 760 756 760 762 757 757 763 763 
760 759 757 761 763 756 758 764 762 
761 760 758 760 764 757 757 763 763 
762 763 759 763 765 760 760 766 766 
763 762 760 764 766 759 761 767 765 
764 763 761 763 767 760 760 766 766 
765 766 762 766 768 763 763 769 769 
766 765 763 767 769 762 764 770 768 
767 766 764 766 770 763 763 769 769 
768 769 765 769 771 766 766 772 772 
769 768 766 770 772 765 767 773 771 
770 769 767 769 773 766 766 772 772 
771 772 768 772 774 769 769 775 775 
772 771 769 773 775 768 770 776 774 
773 772 770 772 776 769 769 775 775 
774 775 771 775 777 772 772 778 778 
775 774 772 776 778 771 773 779 777 
776 775 773 775 779 772 772 778 778 
777 778 774 778 780 775 775 781 781 
778 777 775 779 781 774 776 782 780 
779 778 776 778 782 775 775 781 781 
780 781 777 781 783 778 778 784 784 
781 780 778 782 784 777 779 785 783 
782 781 779 781 785 778 778 784 784 
783 784 780 784 786 781 781 787 787 
784 783 781 785 787 780 782 788 786 
785 784 782 784 788 781 781 787 787 
786 787 783 787 789 784 784 790 790 
787 786 784 788 790 783 785 791 789 
788 787 785 787 791 784 784 790 790 
789 790 786 790 792 787 787 793 793 
790 789 787 791 793 786 788 794 792 
791 790 788 790 794 787 787 793 793 
792 793 789 793 795 790 790 796 796 
793 792 790 794 796 789 791 797 795 
794 793 791 793 797 790 790 796 796 
795 796 792 796 798 793 793 799 799 
796 795 793 797 799 792 794 800 798 
797 796 794 796 800 793 793 799 799 
798 799 795 799 801 796 796 802 802 
799 798 796 800 802 795 797 803 801 
800 799 797 799 803 796 796 802 802 
801 802 798 802 804 799 799 805 805 
802 801 799 803 805 798 800 806 804 
803 802 800 802 806 799 799 805 805 
804 805 801 805 807 802 802 808 808 
805 804 802 806 808 801 803 809 807 
806 805 803 805 809 802 802 808 808 
807 808 804 808 810 805 805 811 811 
808 807 805 809 811 804 806 812 810 
809 808 806 808 812 805 805 811 811 
810 811 807 811 813 808 808 814 814 
811 810 808 812 814 807 809 815 813 
812 811 809 811 815 808 808 814 814 
813 814 810 814 816 811 811 817 817 
814 813 811 815 817 810 812 818 816 
815 814 812 814 818 811 811 817 817 
816 817 813 817 819 814 814 820 820 
817 816 814 818 820 813 815 821 819 
818 817 815 817 821 814 814 820 820 
819 820 816 820 822 817 817 823 823 
820 819 817 821 823 816 818 824 822 
821 820 818 820 824 817 817 823 823 
822 823 819 823 825 820 820 826 826 
823 822 820 824 826 819 821 827 825 
824 823 821 823 827 820 820 826 826 
825 826 822 826 828 823 823 829 829 
826 825 823 827 829 822 824 830 828 
827 826 824 826 830 823 823 829 829 
828 829 825 829 831 826 826 832 832 
829 828 826 830 832 825 827 833 831 
830 829 827 829 833 826 826 832 832 
831 832 828 832 834 829 829 835 835 
832 831 829 833 835 828 830 836 834 
833 832 830 832 836 829 829 835 835 
834 835 831 835 837 832 832 838 838 
835 834 832 836 838 831 833 839 837 
836 835 833 835 839 832 832 838 838 
837 838 834 838 840 835 835 841 841 
838 837 835 839 841 834 836 842 840 
839 838 836 838 842 835 835 841 841 
840 841 837 841 843 838 838 844 844 
841 840 838 842 844 837 839 845 843 
842 841 839 841 845 838 838 844 844 
843 844 840 844 846 841 841 847 847 
844 843 841 845 847 840 842 848 846 
845 844 842 844 848 841 841 847 847 
846 847 843 847 849 844 844 850 850 
847 846 844 848 850 843 845 851 849 
848 847 845 847 851 844 844 850 850 
849 850 846 850 852 847 847 853 853 
850 849 847 851 853 846 848 854 852 
851 850 848 850 854 847 847 853 853 
852 853 849 853 855 850 850 856 856 
853 852 850 854 856 849 851 857 855 
854 853 851 853 857 850 850 856 856 
855 856 852 856 858 853 853 859 859 
856 855 853 857 859 852 854 860 858 
857 856 854 856 860 853 853 859 859 
858 859 855 859 861 856 856 862 862 
859 858 856 860 862 855 857 863 861 
860 859 857 859 863 856 856 862 862 
861 862 858 862 864 859 859 865 865 
862 861 859 863 865 858 860 866 864 
863 862 860 862 866 859 859 865 865 
864 865 861 865 867 862 862 868 868 
865 864 862 866 868 861 863 869 867 
866 865 863 865 869 862 862 868 868 
867 868 864 868 870 865 865 871 871 
868 867 865 869 871 864 866 872 870 
869 868 866 868 872 865 865 871 871 
870 871 867 871 873 868 868 874 874 
871 870 868 872 874 867 869 875 873 
872 871 869 871 875 868 868 874 874 
873 874 870 874 876 871 871 877 877 
874 873 871 875 877 870 872 878 876 
875 874 872 874 878 871 871 877 877 
876 877 873 877 879 874 874 880 880 
877 876 874 878 880 873 875 881 879 
878 877 875 877 881 874 874 880 880 
879 880 876 880 882 877 877 883 883 
880 879 877 881 883 876 878 884 882 
881 880 878 880 884 877 877 883 883 
882 883 879 883 885 880 880 886 886 
883 882 880 884 886 879 881 887 885 
884 883 881 883 887 880 880 886 886 
885 886 882 886 888 883 883 889 889 
886 885 883 887 889 882 884 890 888 
887 886 884 886 890 883 883 889 889 
888 889 885 889 891 886 886 892 892 
889 888 886 890 892 885 887 893 891 
890 889 887 889 893 886 886 892 892 
891 892 888 892 894 889 889 895 895 
892 891 889 893 895 888 890 896 894 
893 892 890 892 896 889 889 895 895 
894 895 891 895 897 892 892 898 898 
895 894 892 896 898 891 893 899 897 
896 895 893 895 899 892 892 898 898 
897 898 894 898 900 895 895 901 901 
898 897 895 899 901 894 896 902 900 
899 898 896 898 902 895 895 901 901 
900 901 897 901 903 898 898 904 904 
901 900 898 902 904 897 899 905 903 
902 901 899 901 905 898 898 904 904 
903 904 900 904 906 901 901 907 907 
904 903 901 905 907 900 902 908 906 
905 904 902 904 908 901 901 907 907 
906 907 903 907 909 904 904 910 910 
907 906 904 908 910 903 905 911 909 
908 907 905 907 911 904 904 910 910 
909 910 906 910 912 907 907 913 913 
910 909 907 911 913 906 908 914 912 
911 910 908 910 914 907 907 913 913 
912 913 909 913 915 910 910 916 916 
913 912 910 914 916 909 911 917 915 
914 913 911 913 917 910 910 916 916 
915 916 912 916 918 913 913 919 919 
916 915 913 917 919 912 914 920 918 
917 916 914 916 920 913 913 919 919 
918 919 915 919 921 916 916 922 922 
919 918 916 920 922 915 917 923 921 
920 919 917 919 923 916 916 922 922 
921 922 918 922 924 919 919 925 925 
922 921 919 923 925 918 920 926 924 
923 922 920 922 926 919 919 925 925 
924 925 921 925 927 922 922 928 928 
925 924 922 926 928 921 923 929 927 
926 925 923 925 929 922 922 928 928 
927 928 924 928 930 925 925 931 931 
928 927 925 929 931 924 926 932 930 
929 928 926 928 932 925 925 931 931 
930 931 927 931 933 928 928 934 934 
931 930 928 932 934 927 929 935 933 
932 931 929 931 935 928 928 934 934 
933 934 930 934 936 931 931 937 937 
934 933 931 935 937 930 932 938 936 
935 934 932 934 938 931 931 937 937 
936 937 933 937 939 934 934 940 940 
937 936 934 938 940 933 935 941 939 
938 937 935 937 941 934 934 940 940 
939 940 936 940 942 937 937 943 943 
940 939 937 941 943 936 938 944 942 
941 940 938 940 944 937 937 943 943 
942 943 939 943 945 940 940 946 946 
943 942 940 944 946 939 941 947 945 
944 943 941 943 947 940 940 946 946 
945 946 942 946 948 943 943 949 949 
946 945 943 947 949 942 944 950 948 
947 946 944 946 950 943 943 949 949 
948 949 945 949 951 946 946 952 952 
949 948 946 950 952 945 947 953 951 
950 949 947 949 953 946 946 952 952 
951 952 948 952 954 949 949 955 955 
952 951 949 953 955 948 950 956 954 
953 952 950 952 956 949 949 955 955 
954 955 951 955 957 952 952 958 958 
955 954 952 956 958 951 953 959 957 
956 955 953 955 959 952 952 958 958 
957 958 954 958 960 955 955 961 961 
958 957 955 959 961 954 956 962 960 
959 958 956 958 962 955 955 961 961 
960 961 957 961 963 958 958 964 964 
961 960 958 962 964 957 959 965 963 
962 961 959 961 965 958 958 964 964 
963 964 960 964 966 961 961 967 967 
964 963 961 965 967 960 962 968 966 
965 964 962 964 968 961 961 967 967 
966 967 963 967 969 964 964 970 970 
967 966 964 968 970 963 965 971 969 
968 967 965 967 971 964 964 970 970 
969 970 966 970 972 967 967 973 973 
970 969 967 971 973 966 968 974 972 
971 970 968 970 974 967 967 973 973 
972 973 969 973 975 970 970 976 976 
973 972 970 974 976 969 971 977 975 
974 973 971 973 977 970 970 976 976 
975 976 972 976 978 973 973 979 979 
976 975 973 977 979 972 974 980 978 
977 976 974 976 980 973 973 979 979 
978 979 975 979 981 976 976 982 982 
979 978 976 980 982 975 977 983 981 
980 979 977 979 983 976 976 982 982 
981 982 978 982 984 979 979 985 985 
982 981 979 983 985 978 980 986 984 
983 982 980 982 986 979 979 985 985 
984 985 981 985 987 982 982 988 988 
985 984 982 986 988 981 983 989 987 
986 985 983 985 989 982 982 988 988 
987 988 984 988 990 985 985 991 991 
988 987 985 989 991 984 986 992 990 
989 988 986 988 992 985 985 991 991 
990 991 987 991 993 988 988 994 994 
991 990 988 992 994 987 989 995 993 
992 991 989 991 995 988 988 994 994 
993 994 990 994 996 991 991 997 997 
994 993 991 995 997 990 992 998 996 
995 994 992 994 998 991 991 997 997 
996 997 993 997 999 994 994 1000 1000 
997 996 994 998 1000 993 995 1001 999 
998 997 995 997 1001 994 994 1000 1000 
999 1000 996 1000 1002 997 997 1003 1003 
1000 999 997 1001 1003 996 998 1004 1002 
1001 1000 998 1000 1004 997 997 1003 1003 
1002 1003 999 1003 1005 1000 1000 1006 1006 
1003 1002 1000 1004 1006 999 1001 1007 1005 
1004 1003 1001 1003 1007 1000 1000 1006 1006 
1005 1006 1002 1006 1008 1003 1003 1009 1009 
1006 1005 1003 1007 1009 1002 1004 1010 1008 
1007 1006 1004 1006 1010 1003 1003 1009 1009 
1008 1009 1005 1009 1011 1006 1006 1012 1012 
1009 1008 1006 1010 1012 1005 1007 1013 1011 
1010 1009 1007 1009 1013 1006 1006 1012 1012 
1011 1012 1008 1012 1014 1009 1009 1015 1015 
1012 1011 1009 1013 1015 1008 1010 1016 1014 
1013 1012 1010 1012 1016 1009 1009 1015 1015 
1014 1015 1011 1015 1017 1012 1012 1018 1018 
1015 1014 1012 1016 1018 1011 1013 1019 1017 
1016 1015 1013 1015 1019 1012 1012 1018 1018 
1017 1018 1014 1018 1020 1015 1015 1021 1021 
1018 1017 1015 1019 1021 1014 1016 1022 1020 
1019 1018 1016 1018 1022 1015 1015 1021 1021 
1020 1021 1017 1021 1023 1018 1018 1024 1024 
1021 1020 1018 1022 1024 1017 1019 1025 1023 
1022 1021 1019 1021 1025 1018 1018 1024 1024 
1023 1024 1020 1024 1026 1021 1021 1027 1027 
1024 1023 1021 1025 1027 1020 1022 1028 1026 
1025 1024 1022 1024 1028 1021 1021 1027 1027 
1026 1027 1023 1027 1029 1024 1024 1030 1030 
1027 1026 1024 1028 1030 1023 1025 1031 1029 
1028 1027 1025 1027 1031 1024 1024 1030 1030 
1029 1030 1026 1030 1032 1027 1027 1033 1033 
1030 1029 1027 1031 1033 1026 1028 1034 1032 
1031 1030 1028 1030 1034 1027 1027 1033 1033 
1032 1033 1029 1033 1035 1030 1030 1036 1036 
1033 1032 1030 1034 1036 1029 1031 1037 1035 
1034 1033 1031 1033 1037 1030 1030 1036 1036 
1035 1036 1032 1036 1038 1033 1033 1039 1039 
1036 1035 1033 1037 1039 1032 1034 1040 1038 
1037 1036 1034 1036 1040 1033 1033 1039 1039 
1038 1039 1035 1039 1041 1036 1036 1042 1042 
1039 1038 1036 1040 1042 1035 1037 1043 1041 
1040 1039 1037 1039 1043 1036 1036 1042 1042 
1041 1042 1038 1042 1044 1039 1039 1045 1045 
1042 1041 1039 1043 1045 1038 1040 1046 1044 
1043 1042 1040 1042 1046 1039 1039 1045 1045 
1044 1045 1041 1045 1047 1042 1042 1048 1048 
1045 1044 1042 1046 1048 1041 1043 1049 1047 
1046 1045 1043 1045 1049 1042 1042 1048 1048 
1047 1048 1044 1048 1050 1045 1045 1051 1051 
1048 1047 1045 1049 1051 1044 1046 1052 1050 
1049 1048 1046 1048 1052 1045 1045 1051 1051 
1050 1051 1047 1051 1053 1048 1048 1054 1054 
1051 1050 1048 1052 1054 1047 1049 1055 1053 
1052 1051 1049 1051 1055 1048 1048 1054 1054 
1053 1054 1050 1054 1056 1051 1051 1057 1057 
1054 1053 1051 1055 1057 1050 1052 1058 1056 
1055 1054 1052 1054 1058 1051 1051 1057 1057 
1056 1057 1053 1057 1059 1054 1054 1060 1060 
1057 1056 1054 1058 1060 1053 1055 1061 1059 
1058 1057 1055 1057 1061 1054 1054 1060 1060 
1059 1060 1056 1060 1062 1057 1057 1063 1063 
1060 1059 1057 1061 1063 1056 1058 1064 1062 
1061 1060 1058 1060 1064 1057 1057 1063 1063 
1062 1063 1059 1063 1065 1060 1060 1066 1066 
1063 1062 1060 1064 1066 1059 1061 1067 1065 
1064 1063 1061 1063 1067 1060 1060 1066 1066 
1065 1066 1062 1066 1068 1063 1063 1069 1069 
1066 1065 1063 1067 1069 1062 1064 1070 1068 
1067 1066 1064 1066 1070 1063 1063 1069 1069 
1068 1069 1065 1069 1071 1066 1066 1072 1072 
1069 1068 1066 1070 1072 1065 1067 1073 1071 
1070 1069 1067 1069 1073 1066 1066 1072 1072 
1071 1072 1068 1072 1074 1069 1069 1075 1075 
1072 1071 1069 1073 1075 1068 1070 1076 1074 
1073 1072 1070 1072 1076 1069 1069 1075 1075 
1074 1075 1071 1075 1077 1072 1072 1078 1078 
1075 1074 1072 1076 1078 1071 1073 1079 1077 
1076 1075 1073 1075 1079 1072 1072 1078 1078 
1077 1078 1074 1078 1080 1075 1075 1081 1081 
1078 1077 1075 1079 1081 1074 1076 1082 1080 
1079 1078 1076 1078 1082 1075 1075 1081 1081 
1080 1081 1077 1081 1083 1078 1078 1084 1084 
1081 1080 1078 1082 1084 1077 1079 1085 1083 
1082 1081 1079 1081 1085 1078 1078 1084 1084 
1083 1084 1080 1084 1086 1081 1081 1087 1087 
1084 1083 1081 1085 1087 1080 1082 1088 1086 
1085 1084 1082 1084 1088 1081 1081 1087 1087 
1086 1087 1083 1087 1089 1084 1084 1090 1090 
1087 1086 1084 1088 1090 1083 1085 1091 1089 
1088 1087 1085 1087 1091 1084 1084 1090 1090 
1089 1090 1086 1090 1092 1087 1087 1093 1093 
1090 1089 1087 1091 1093 1086 1088 1094 1092 
1091 1090 1088 1090 1094 1087 1087 1093 1093 
1092 1093 1089 1093 1095 1090 1090 1096 1096 
1093 1092 1090 1094 1096 1089 1091 1097 1095 
1094 1093 1091 1093 1097 1090 1090 1096 1096 
1095 1096 1092 1096 1098 1093 1093 1099 1099 
1096 1095 1093 1097 1099 1092 1094 1100 1098 
1097 1096 1094 1096 1100 1093 1093 1099 1099 
1098 1099 1095 1099 1101 1096 1096 1102 1102 
1099 1098 1096 1100 1102 1095 1097 1103 1101 
1100 1099 1097 1099 1103 1096 1096 1102 1102 
1101 1102 1098 1102 1104 1099 1099 1105 1105 
1102 1101 1099 1103 1105 1098 1100 1106 1104 
1103 1102 1100 1102 1106 1099 1099 1105 1105 
1104 1105 1101 1105 1107 1102 1102 1108 1108 
1105 1104 1102 1106 1108 1101 1103 1109 1107 
1106 1105 1103 1105 1109 1102 1102 1108 1108 
1107 1108 1104 1108 1110 1105 1105 1111 1111 
1108 1107 1105 1109 1111 1104 1106 1112 1110 
1109 1108 1106 1108 1112 1105 1105 1111 1111 
1110 1111 1107 1111 1113 1108 1108 1114 1114 
1111 1110 1108 1112 1114 1107 1109 1115 1113 
1112 1111 1109 1111 1115 1108 1108 1114 1114 
1113 1114 1110 1114 1116 1111 1111 1117 1117 
1114 1113 1111 1115 1117 1110 1112 1118 1116 
1115 1114 1112 1114 1118 1111 1111 1117 1117 
1116 1117 1113 1117 1119 1114 1114 1120 1120 
1117 1116 1114 1118 1120 1113 1115 1121 1119 
1118 1117 1115 1117 1121 1114 1114 1120 1120 
1119 1120 1116 1120 1122 1117 1117 1123 1123 
1120 1119 1117 1121 1123 1116 1118 1124 1122 
1121 1120 1118 1120 1124 1117 1117 1123 1123 
1122 1123 1119 1123 1125 1120 1120 1126 1126 
1123 1122 1120 1124 1126 1119 1121 1127 1125 
1124 1123 1121 1123 1127 1120 1120 1126 1126 
1125 1126 1122 1126 1128 1123 1123 1129 1129 
1126 1125 1123 1127 1129 1122 1124 1130 1128 
1127 1126 1124 1126 1130 1123 1123 1129 1129 
1128 1129 1125 1129 1131 1126 1126 1132 1132 
1129 1128 1126 1130 1132 1125 1127 1133 1131 
1130 1129 1127 1129 1133 1126 1126 1132 1132 
1131 1132 1128 1132 1134 1129 1129 1135 1135 
1132 1131 1129 1133 1135 1128 1130 1136 1134 
1133 1132 1130 1132 1136 1129 1129 1135 1135 
1134 1135 1131 1135 1137 1132 1132 1138 1138 
1135 1134 1132 1136 1138 1131 1133 1139 1137 
1136 1135 1133 1135 1139 1132 1132 1138 1138 
1137 1138 1134 1138 1140 1135 1135 1141 1141 
1138 1137 1135 1139 1141 1134 1136 1142 1140 
1139 1138 1136 1138 1142 1135 1135 1141 1141 
1140 1141 1137 1141 1143 1138 1138 1144 1144 
1141 1140 1138 1142 1144 1137 1139 1145 1143 
1142 1141 1139 1141 1145 1138 1138 1144 1144 
1143 1144 1140 1144 1146 1141 1141 1147 1147 
1144 1143 1141 1145 1147 1140 1142 1148 1146 
1145 1144 1142 1144 1148 1141 1141 1147 1147 
1146 1147 1143 1147 1149 1144 1144 1150 1150 
1147 1146 1144 1148 1150 1143 1145 1151 1149 
1148 1147 1145 1147 1151 1144 1144 1150 1150 
1149 1150 1146 1150 1152 1147 1147 1153 1153 
1150 1149 1147 1151 1153 1146 1148 1154 1152 
1151 1150 1148 1150 1154 1147 1147 1153 1153 
1152 1153 1149 1153 1155 1150 1150 1156 1156 
1153 1152 1150 1154 1156 1149 1151 1157 1155 
1154 1153 1151 1153 1157 1150 1150 1156 1156 
1155 1156 1152 1156 1158 1153 1153 1159 1159 
1156 1155 1153 1157 1159 1152 1154 1160 1158 
1157 1156 1154 1156 1160 1153 1153 1159 1159 
1158 1159 1155 1159 1161 1156 1156 1162 1162 
1159 1158 1156 1160 1162 1155 1157 1163 1161 
1160 1159 1157 1159 1163 1156 1156 1162 1162 
1161 1162 1158 1162 1164 1159 1159 1165 1165 
1162 1161 1159 1163 1165 1158 1160 1166 1164 
1163 1162 1160 1162 1166 1159 1159 1165 1165 
1164 1165 1161 1165 1167 1162 1162 1168 1168 
1165 1164 1162 1166 1168 1161 1163 1169 1167 
1166 1165 1163 1165 1169 1162 1162 1168 1168 
1167 1168 1164 1168 1170 1165 1165 1171 1171 
1168 1167 1165 1169 1171 1164 1166 1172 1170 
1169 1168 1166 1168 1172 1165 1165 1171 1171 
1170 1171 1167 1171 1173 1168 1168 1174 1174 
1171 1170 1168 1172 1174 1167 1169 1175 1173 
1172 1171 1169 1171 1175 1168 1168 1174 1174 
1173 1174 1170 1174 1176 1171 1171 1177 1177 
1174 1173 1171 1175 1177 1170 1172 1178 1176 
1175 1174 1172 1174 1178 1171 1171 1177 1177 
1176 1177 1173 1177 1179 1174 1174 1180 1180 
1177 1176 1174 1178 1180 1173 1175 1181 1179 
1178 1177 1175 1177 1181 1174 1174 1180 1180 
1179 1180 1176 1180 1182 1177 1177 1183 1183 
1180 1179 1177 1181 1183 1176 1178 1184 1182 
1181 1180 1178 1180 1184 1177 1177 1183 1183 
1182 1183 1179 1183 1185 1180 1180 1186 1186 
1183 1182 1180 1184 1186 1179 1181 1187 1185 
1184 1183 1181 1183 1187 1180 1180 1186 1186 
1185 1186 1182 1186 1188 1183 1183 1189 1189 
1186 1185 1183 1187 1189 1182 1184 1190 1188 
1187 1186 1184 1186 1190 1183 1183 1189 1189 
1188 1189 1185 1189 1191 1186 1186 1192 1192 
1189 1188 1186 1190 1192 1185 1187 1193 1191 
1190 1189 1187 1189 1193 1186 1186 1192 1192 
1191 1192 1188 1192 1194 1189 1189 1195 1195 
1192 1191 1189 1193 1195 1188 1190 1196 1194 
1193 1192 1190 1192 1196 1189 1189 1195 1195 
1194 1195 1191 1195 1197 1192 1192 1198 1198 
1195 1194 1192 1196 1198 1191 1193 1199 1197 
1196 1195 1193 1195 1199 1192 1192 1198 1198 
1197 1198 1194 1198 1200 1195 1195 1201 1201 
1198 1197 1195 1199 1201 1194 1196 1202 1200 
1199 1198 1196 1198 1202 1195 1195 1201 1201 
1200 1201 1197 1201 1203 1198 1198 1204 1204 
1201 1200 1198 1202 1204 1197 1199 1205 1203 
1202 1201 1199 1201 1205 1198 1198 1204 1204 
1203 1204 1200 1204 1206 1201 1201 1207 1207 
1204 1203 1201 1205 1207 1200 1202 1208 1206 
1205 1204 1202 1204 1208 1201 1201 1207 1207 
1206 1207 1203 1207 1209 1204 1204 1210 1210 
1207 1206 1204 1208 1210 1203 1205 1211 1209 
1208 1207 1205 1207 1211 1204 1204 1210 1210 
1209 1210 1206 1210 1212 1207 1207 1213 1213 
1210 1209 1207 1211 1213 1206 1208 1214 1212 
1211 1210 1208 1210 1214 1207 1207 1213 1213 
1212 1213 1209 1213 1215 1210 1210 1216 1216 
1213 1212 1210 1214 1216 1209 1211 1217 1215 
1214 1213 1211 1213 1217 1210 1210 1216 1216 
1215 1216 1212 1216 1218 1213 1213 1219 1219 
1216 1215 1213 1217 1219 1212 1214 1220 1218 
1217 1216 1214 1216 1220 1213 1213 1219 1219 
1218 1219 1215 1219 1221 1216 1216 1222 1222 
1219 1218 1216 1220 1222 1215 1217 1223 1221 
1220 1219 1217 1219 1223 1216 1216 1222 1222 
1221 1222 1218 1222 1224 1219 1219 1225 1225 
1222 1221 1219 1223 1225 1218 1220 1226 1224 
1223 1222 1220 1222 1226 1219 1219 1225 1225 
1224 1225 1221 1225 1227 1222 1222 1228 1228 
1225 1224 1222 1226 1228 1221 1223 1229 1227 
1226 1225 1223 1225 1229 1222 1222 1228 1228 
1227 1228 1224 1228 1230 1225 1225 1231 1231 
1228 1227 1225 1229 1231 1224 1226 1232 1230 
1229 1228 1226 1228 1232 1225 1225 1231 1231 
1230 1231 1227 1231 1233 1228 1228 1234 1234 
1231 1230 1228 1232 1234 1227 1229 1235 1233 
1232 1231 1229 1231 1235 1228 1228 1234 1234 
1233 1234 1230 1234 1236 1231 1231 1237 1237 
1234 1233 1231 1235 1237 1230 1232 1238 1236 
1235 1234 1232 1234 1238 1231 1231 1237 1237 
1236 1237 1233 1237 1239 1234 1234 1240 1240 
1237 1236 1234 1238 1240 1233 1235 1241 1239 
1238 1237 1235 1237 1241 1234 1234 1240 1240 
1239 1240 1236 1240 1242 1237 1237 1243 1243 
1240 1239 1237 1241 1243 1236 1238 1244 1242 
1241 1240 1238 1240 1244 1237 1237 1243 1243 
1242 1243 1239 1243 1245 1240 1240 1246 1246 
1243 1242 1240 1244 1246 1239 1241 1247 1245 
1244 1243 1241 1243 1247 1240 1240 1246 1246 
1245 1246 1242 1246 1248 1243 1243 1249 1249 
1246 1245 1243 1247 1249 1242 1244 1250 1248 
1247 1246 1244 1246 1250 1243 1243 1249 1249 
1248 1249 1245 1249 1251 1246 1246 1252 1252 
1249 1248 1246 1250 1252 1245 1247 1253 1251 
1250 1249 1247 1249 1253 1246 1246 1252 1252 
1251 1252 1248 1252 1254 1249 1249 1255 1255 
1252 1251 1249 1253 1255 1248 1250 1256 1254 
1253 1252 1250 1252 1256 1249 1249 1255 1255 
1254 1255 1251 1255 1257 1252 1252 1258 1258 
1255 1254 1252 1256 1258 1251 1253 1259 1257 
1256 1255 1253 1255 1259 1252 1252 1258 1258 
1257 1258 1254 1258 1260 1255 1255 1261 1261 
1258 1257 1255 1259 1261 1254 1256 1262 1260 
1259 1258 1256 1258 1262 1255 1255 1261 1261 
1260 1261 1257 1261 1263 1258 1258 1264 1264 
1261 1260 1258 1262 1264 1257 1259 1265 1263 
1262 1261 1259 1261 1265 1258 1258 1264 1264 
1263 1264 1260 1264 1266 1261 1261 1267 1267 
1264 1263 1261 1265 1267 1260 1262 1268 1266 
1265 1264 1262 1264 1268 1261 1261 1267 1267 
1266 1267 1263 1267 1269 1264 1264 1270 1270 
1267 1266 1264 1268 1270 1263 1265 1271 1269 
1268 1267 1265 1267 1271 1264 1264 1270 1270 
1269 1270 1266 1270 1272 1267 1267 1273 1273 
1270 1269 1267 1271 1273 1266 1268 1274 1272 
1271 1270 1268 1270 1274 1267 1267 1273 1273 
1272 1273 1269 1273 1275 1270 1270 1276 1276 
1273 1272 1270 1274 1276 1269 1271 1277 1275 
1274 1273 1271 1273 1277 1270 1270 1276 1276 
1275 1276 1272 1276 1278 1273 1273 1279 1279 
1276 1275 1273 1277 1279 1272 1274 1280 1278 
1277 1276 1274 1276 1280 1273 1273 1279 1279 
1278 1279 1275 1279 1281 1276 1276 1282 1282 
1279 1278 1276 1280 1282 1275 1277 1283 1281 
1280 1279 1277 1279 1283 1276 1276 1282 1282 
1281 1282 1278 1282 1284 1279 1279 1285 1285 
1282 1281 1279 1283 1285 1278 1280 1286 1284 
1283 1282 1280 1282 1286 1279 1279 1285 1285 
1284 1285 1281 1285 1287 1282 1282 1288 1288 
1285 1284 1282 1286 1288 1281 1283 1289 1287 
1286 1285 1283 1285 1289 1282 1282 1288 1288 
1287 1288 1284 1288 1290 1285 1285 1291 1291 
1288 1287 1285 1289 1291 1284 1286 1292 1290 
1289 1288 1286 1288 1292 1285 1285 1291 1291 
1290 1291 1287 1291 1293 1288 1288 1294 1294 
1291 1290 1288 1292 1294 1287 1289 1295 1293 
1292 1291 1289 1291 1295 1288 1288 1294 1294 
1293 1294 1290 1294 1296 1291 1291 1297 1297 
1294 1293 1291 1295 1297 1290 1292 1298 1296 
1295 1294 1292 1294 1298 1291 1291 1297 1297 
1296 1297 1293 1297 1299 1294 1294 1300 1300 
1297 1296 1294 1298 1300 1293 1295 1301 1299 
1298 1297 1295 1297 1301 1294 1294 1300 1300 
1299 1300 1296 1300 1302 1297 1297 1303 1303 
1300 1299 1297 1301 1303 1296 1298 1304 1302 
1301 1300 1298 1300 1304 1297 1297 1303 1303 
1302 1303 1299 1303 1305 1300 1300 1306 1306 
1303 1302 1300 1304 1306 1299 1301 1307 1305 
1304 1303 1301 1303 1307 1300 1300 1306 1306 
1305 1306 1302 1306 1308 1303 1303 1309 1309 
1306 1305 1303 1307 1309 1302 1304 1310 1308 
1307 1306 1304 1306 1310 1303 1303 1309 1309 
1308 1309 1305 1309 1311 1306 1306 1312 1312 
1309 1308 1306 1310 1312 1305 1307 1313 1311 
1310 1309 1307 1309 1313 1306 1306 1312 1312 
1311 1312 1308 1312 1314 1309 1309 1315 1315 
1312 1311 1309 1313 1315 1308 1310 1316 1314 
1313 1312 1310 1312 1316 1309 1309 1315 1315 
1314 1315 1311 1315 1317 1312 1312 1318 1318 
1315 1314 1312 1316 1318 1311 1313 1319 1317 
1316 1315 1313 1315 1319 1312 1312 1318 1318 
1317 1318 1314 1318 1320 1315 1315 1321 1321 
1318 1317 1315 1319 1321 1314 1316 1322 1320 
1319 1318 1316 1318 1322 1315 1315 1321 1321 
1320 1321 1317 1321 1323 1318 1318 1324 1324 
1321 1320 1318 1322 1324 1317 1319 1325 1323 
1322 1321 1319 1321 1325 1318 1318 1324 1324 
1323 1324 1320 1324 1326 1321 1321 1327 1327 
1324 1323 1321 1325 1327 1320 1322 1328 1326 
1325 1324 1322 1324 1328 1321 1321 1327 1327 
1326 1327 1323 1327 1329 1324 1324 1330 1330 
1327 1326 1324 1328 1330 1323 1325 1331 1329 
1328 1327 1325 1327 1331 1324 1324 1330 1330 
1329 1330 1326 1330 1332 1327 1327 1333 1333 
1330 1329 1327 1331 1333 1326 1328 1334 1332 
1331 1330 1328 1330 1334 1327 1327 1333 1333 
1332 1333 1329 1333 1335 1330 1330 1336 1336 
1333 1332 1330 1334 1336 1329 1331 1337 1335 
1334 1333 1331 1333 1337 1330 1330 1336 1336 
1335 1336 1332 1336 1338 1333 1333 1339 1339 
1336 1335 1333 1337 1339 1332 1334 1340 1338 
1337 1336 1334 1336 1340 1333 1333 1339 1339 
1338 1339 1335 1339 1341 1336 1336 1342 1342 
1339 1338 1336 1340 1342 1335 1337 1343 1341 
1340 1339 1337 1339 1343 1336 1336 1342 1342 
1341 1342 1338 1342 1344 1339 1339 1345 1345 
1342 1341 1339 1343 1345 1338 1340 1346 1344 
1343 1342 1340 1342 1346 1339 1339 1345 1345 
1344 1345 1341 1345 1347 1342 1342 1348 1348 
1345 1344 1342 1346 1348 1341 1343 1349 1347 
1346 1345 1343 1345 1349 1342 1342 1348 1348 
1347 1348 1344 1348 1350 1345 1345 1351 1351 
1348 1347 1345 1349 1351 1344 1346 1352 1350 
1349 1348 1346 1348 1352 1345 1345 1351 1351 
1350 1351 1347 1351 1353 1348 1348 1354 1354 
1351 1350 1348 1352 1354 1347 1349 1355 1353 
1352 1351 1349 1351 1355 1348 1348 1354 1354 
1353 1354 1350 1354 1356 1351 1351 1357 1357 
1354 1353 1351 1355 1357 1350 1352 1358 1356 
1355 1354 1352 1354 1358 1351 1351 1357 1357 
1356 1357 1353 1357 1359 1354 1354 1360 1360 
1357 1356 1354 1358 1360 1353 1355 1361 1359 
1358 1357 1355 1357 1361 1354 1354 1360 1360 
1359 1360 1356 1360 1362 1357 1357 1363 1363 
1360 1359 1357 1361 1363 1356 1358 1364 1362 
1361 1360 1358 1360 1364 1357 1357 1363 1363 
1362 1363 1359 1363 1365 1360 1360 1366 1366 
1363 1362 1360 1364 1366 1359 1361 1367 1365 
1364 1363 1361 1363 1367 1360 1360 1366 1366 
1365 1366 1362 1366 1368 1363 1363 1369 1369 
1366 1365 1363 1367 1369 1362 1364 1370 1368 
1367 1366 1364 1366 1370 1363 1363 1369 1369 
1368 1369 1365 1369 1371 1366 1366 1372 1372 
1369 1368 1366 1370 1372 1365 1367 1373 1371 
1370 1369 1367 1369 1373 1366 1366 1372 1372 
1371 1372 1368 1372 1374 1369 1369 1375 1375 
1372 1371 1369 1373 1375 1368 1370 1376 1374 
1373 1372 1370 1372 1376 1369 1369 1375 1375 
1374 1375 1371 1375 1377 1372 1372 1378 1378 
1375 1374 1372 1376 1378 1371 1373 1379 1377 
1376 1375 1373 1375 1379 1372 1372 1378 1378 
1377 1378 1374 1378 1380 1375 1375 1381 1381 
1378 1377 1375 1379 1381 1374 1376 1382 1380 
1379 1378 1376 1378 1382 1375 1375 1381 1381 
1380 1381 1377 1381 1383 1378 1378 1384 1384 
1381 1380 1378 1382 1384 1377 1379 1385 1383 
1382 1381 1379 1381 1385 1378 1378 1384 1384 
1383 1384 1380 1384 1386 1381 1381 1387 1387 
1384 1383 1381 1385 1387 1380 1382 1388 1386 
1385 1384 1382 1384 1388 1381 1381 1387 1387 
1386 1387 1383 1387 1389 1384 1384 1390 1390 
1387 1386 1384 1388 1390 1383 1385 1391 1389 
1388 1387 1385 1387 1391 1384 1384 1390 1390 
1389 1390 1386 1390 1392 1387 1387 1393 1393 
1390 1389 1387 1391 1393 1386 1388 1394 1392 
1391 1390 1388 1390 1394 1387 1387 1393 1393 
1392 1393 1389 1393 1395 1390 1390 1396 1396 
1393 1392 1390 1394 1396 1389 1391 1397 1395 
1394 1393 1391 1393 1397 1390 1390 1396 1396 
1395 1396 1392 1396 1398 1393 1393 1399 1399 
1396 1395 1393 1397 1399 1392 1394 1400 1398 
1397 1396 1394 1396 1400 1393 1393 1399 1399 
1398 1399 1395 1399 1401 1396 1396 1402 1402 
1399 1398 1396 1400 1402 1395 1397 1403 1401 
1400 1399 1397 1399 1403 1396 1396 1402 1402 
1401 1402 1398 1402 1404 1399 1399 1405 1405 
1402 1401 1399 1403 1405 1398 1400 1406 1404 
1403 1402 1400 1402 1406 1399 1399 1405 1405 
1404 1405 1401 1405 1407 1402 1402 1408 1408 
1405 1404 1402 1406 1408 1401 1403 1409 1407 
1406 1405 1403 1405 1409 1402 1402 1408 1408 
1407 1408 1404 1408 1410 1405 1405 1411 1411 
1408 1407 1405 1409 1411 1404 1406 1412 1410 
1409 1408 1406 1408 1412 1405 1405 1411 1411 
1410 1411 1407 1411 1413 1408 1408 1414 1414 
1411 1410 1408 1412 1414 1407 1409 1415 1413 
1412 1411 1409 1411 1415 1408 1408 1414 1414 
1413 1414 1410 1414 1416 1411 1411 1417 1417 
1414 1413 1411 1415 1417 1410 1412 1418 1416 
1415 1414 1412 1414 1418 1411 1411 1417 1417 
1416 1417 1413 1417 1419 1414 1414 1420 1420 
1417 1416 1414 1418 1420 1413 1415 1421 1419 
1418 1417 1415 1417 1421 1414 1414 1420 1420 
1419 1420 1416 1420 1422 1417 1417 1423 1423 
1420 1419 1417 1421 1423 1416 1418 1424 1422 
1421 1420 1418 1420 1424 1417 1417 1423 1423 
1422 1423 1419 1423 1425 1420 1420 1426 1426 
1423 1422 1420 1424 1426 1419 1421 1427 1425 
1424 1423 1421 1423 1427 1420 1420 1426 1426 
1425 1426 1422 1426 1428 1423 1423 1429 1429 
1426 1425 1423 1427 1429 1422 1424 1430 1428 
1427 1426 1424 1426 1430 1423 1423 1429 1429 
1428 1429 1425 1429 1431 1426 1426 1432 1432 
1429 1428 1426 1430 1432 1425 1427 1433 1431 
1430 1429 1427 1429 1433 1426 1426 1432 1432 
1431 1432 1428 1432 1434 1429 1429 1435 1435 
1432 1431 1429 1433 1435 1428 1430 1436 1434 
1433 1432 1430 1432 1436 1429 1429 1435 1435 
1434 1435 1431 1435 1437 1432 1432 1438 1438 
1435 1434 1432 1436 1438 1431 1433 1439 1437 
1436 1435 1433 1435 1439 1432 1432 1438 1438 
1437 1438 1434 1438 1440 1435 1435 1441 1441 
1438 1437 1435 1439 1441 1434 1436 1442 1440 
1439 1438 1436 1438 1442 1435 1435 1441 1441 
1440 1441 1437 1441 1443 1438 1438 1444 1444 
1441 1440 1438 1442 1444 1437 1439 1445 1443 
1442 1441 1439 1441 1445 1438 1438 1444 1444 
1443 1444 1440 1444 1446 1441 1441 1447 1447 
1444 1443 1441 1445 1447 1440 1442 1448 1446 
1445 1444 1442 1444 1448 1441 1441 1447 1447 
1446 1447 1443 1447 1449 1444 1444 1450 1450 
1447 1446 1444 1448 1450 1443 1445 1451 1449 
1448 1447 1445 1447 1451 1444 1444 1450 1450 
1449 1450 1446 1450 1452 1447 1447 1453 1453 
1450 1449 1447 1451 1453 1446 1448 1454 1452 
1451 1450 1448 1450 1454 1447 1447 1453 1453 
1452 1453 1449 1453 1455 1450 1450 1456 1456 
1453 1452 1450 1454 1456 1449 1451 1457 1455 
1454 1453 1451 1453 1457 1450 1450 1456 1456 
1455 1456 1452 1456 1458 1453 1453 1459 1459 
1456 1455 1453 1457 1459 1452 1454 1460 1458 
1457 1456 1454 1456 1460 1453 1453 1459 1459 
1458 1459 1455 1459 1461 1456 1456 1462 1462 
1459 1458 1456 1460 1462 1455 1457 1463 1461 
1460 1459 1457 1459 1463 1456 1456 1462 1462 
1461 1462 1458 1462 1464 1459 1459 1465 1465 
1462 1461 1459 1463 1465 1458 1460 1466 1464 
1463 1462 1460 1462 1466 1459 1459 1465 1465 
1464 1465 1461 1465 1467 1462 1462 1468 1468 
1465 1464 1462 1466 1468 1461 1463 1469 1467 
1466 1465 1463 1465 1469 1462 1462 1468 1468 
1467 1468 1464 1468 1470 1465 1465 1471 1471 
1468 1467 1465 1469 1471 1464 1466 1472 1470 
1469 1468 1466 1468 1472 1465 1465 1471 1471 
1470 1471 1467 1471 1473 1468 1468 1474 1474 
1471 1470 1468 1472 1474 1467 1469 1475 1473 
1472 1471 1469 1471 1475 1468 1468 1474 1474 
1473 1474 1470 1474 1476 1471 1471 1477 1477 
1474 1473 1471 1475 1477 1470 1472 1478 1476 
1475 1474 1472 1474 1478 1471 1471 1477 1477 
1476 1477 1473 1477 1479 1474 1474 1480 1480 
1477 1476 1474 1478 1480 1473 1475 1481 1479 
1478 1477 1475 1477 1481 1474 1474 1480 1480 
1479 1480 1476 1480 1482 1477 1477 1483 1483 
1480 1479 1477 1481 1483 1476 1478 1484 1482 
1481 1480 1478 1480 1484 1477 1477 1483 1483 
1482 1483 1479 1483 1485 1480 1480 1486 1486 
1483 1482 1480 1484 1486 1479 1481 1487 1485 
1484 1483 1481 1483 1487 1480 1480 1486 1486 
1485 1486 1482 1486 1488 1483 1483 1489 1489 
1486 1485 1483 1487 1489 1482 1484 1490 1488 
1487 1486 1484 1486 1490 1483 1483 1489 1489 
1488 1489 1485 1489 1491 1486 1486 1492 1492 
1489 1488 1486 1490 1492 1485 1487 1493 1491 
1490 1489 1487 1489 1493 1486 1486 1492 1492 
1491 1492 1488 1492 1494 1489 1489 1495 1495 
1492 1491 1489 1493 1495 1488 1490 1496 1494 
1493 1492 1490 1492 1496 1489 1489 1495 1495 
1494 1495 1491 1495 1497 1492 1492 1498 1498 
1495 1494 1492 1496 1498 1491 1493 1499 1497 
1496 1495 1493 1495 1499 1492 1492 1498 1498 
1497 1498 1494 1498 1500 1495 1495 1501 1501 
1498 1497 1495 1499 1501 1494 1496 1502 1500 
1499 1498 1496 1498 1502 1495 1495 1501 1501 
1500 1501 1497 1501 1503 1498 1498 1504 1504 
1501 1500 1498 1502 1504 1497 1499 1505 1503 
1502 1501 1499 1501 1505 1498 1498 1504 1504 
1503 1504 1500 1504 1506 1501 1501 1507 1507 
1504 1503 1501 1505 1507 1500 1502 1508 1506 
1505 1504 1502 1504 1508 1501 1501 1507 1507 
1506 1507 1503 1507 1509 1504 1504 1510 1510 
1507 1506 1504 1508 1510 1503 1505 1511 1509 
1508 1507 1505 1507 1511 1504 1504 1510 1510 
1509 1510 1506 1510 1512 1507 1507 1513 1513 
1510 1509 1507 1511 1513 1506 1508 1514 1512 
1511 1510 1508 1510 1514 1507 1507 1513 1513 
1512 1513 1509 1513 1515 1510 1510 1516 1516 
1513 1512 1510 1514 1516 1509 1511 1517 1515 
1514 1513 1511 1513 1517 1510 1510 1516 1516 
1515 1516 1512 1516 1518 1513 1513 1519 1519 
1516 1515 1513 1517 1519 1512 1514 1520 1518 
1517 1516 1514 1516 1520 1513 1513 1519 1519 
1518 1519 1515 1519 1521 1516 1516 1522 1522 
1519 1518 1516 1520 1522 1515 1517 1523 1521 
1520 1519 1517 1519 1523 1516 1516 1522 1522 
1521 1522 1518 1522 1524 1519 1519 1525 1525 
1522 1521 1519 1523 1525 1518 1520 1526 1524 
1523 1522 1520 1522 1526 1519 1519 1525 1525 
1524 1525 1521 1525 1527 1522 1522 1528 1528 
1525 1524 1522 1526 1528 1521 1523 1529 1527 
1526 1525 1523 1525 1529 1522 1522 1528 1528 
1527 1528 1524 1528 1530 1525 1525 1531 1531 
1528 1527 1525 1529 1531 1524 1526 1532 1530 
1529 1528 1526 1528 1532 1525 1525 1531 1531 
1530 1531 1527 1531 1533 1528 1528 1534 1534 
1531 1530 1528 1532 1534 1527 1529 1535 1533 
1532 1531 1529 1531 1535 1528 1528 1534 1534 
1533 1534 1530 1534 1536 1531 1531 1537 1537 
1534 1533 1531 1535 1537 1530 1532 1538 1536 
1535 1534 1532 1534 1538 1531 1531 1537 1537 
1536 1537 1533 1537 1539 1534 1534 1540 1540 
1537 1536 1534 1538 1540 1533 1535 1541 1539 
1538 1537 1535 1537 1541 1534 1534 1540 1540 
1539 1540 1536 1540 1542 1537 1537 1543 1543 
1540 1539 1537 1541 1543 1536 1538 1544 1542 
1541 1540 1538 1540 1544 1537 1537 1543 1543 
1542 1543 1539 1543 1545 1540 1540 1546 1546 
1543 1542 1540 1544 1546 1539 1541 1547 1545 
1544 1543 1541 1543 1547 1540 1540 1546 1546 
1545 1546 1542 1546 1548 1543 1543 1549 1549 
1546 1545 1543 1547 1549 1542 1544 1550 1548 
1547 1546 1544 1546 1550 1543 1543 1549 1549 
1548 1549 1545 1549 1551 1546 1546 1552 1552 
1549 1548 1546 1550 1552 1545 1547 1553 1551 
1550 1549 1547 1549 1553 1546 1546 1552 1552 
1551 1552 1548 1552 1554 1549 1549 1555 1555 
1552 1551 1549 1553 1555 1548 1550 1556 1554 
1553 1552 1550 1552 1556 1549 1549 1555 1555 
1554 1555 1551 1555 1557 1552 1552 1558 1558 
1555 1554 1552 1556 1558 1551 1553 1559 1557 
1556 1555 1553 1555 1559 1552 1552 1558 1558 
1557 1558 1554 1558 1560 1555 1555 1561 1561 
1558 1557 1555 1559 1561 1554 1556 1562 1560 
1559 1558 1556 1558 1562 1555 1555 1561 1561 
1560 1561 1557 1561 1563 1558 1558 1564 1564 
1561 1560 1558 1562 1564 1557 1559 1565 1563 
1562 1561 1559 1561 1565 1558 1558 1564 1564 
1563 1564 1560 1564 1566 1561 1561 1567 1567 
1564 1563 1561 1565 1567 1560 1562 1568 1566 
1565 1564 1562 1564 1568 1561 1561 1567 1567 
1566 1567 1563 1567 1569 1564 1564 1570 1570 
1567 1566 1564 1568 1570 1563 1565 1571 1569 
1568 1567 1565 1567 1571 1564 1564 1570 1570 
1569 1570 1566 1570 1572 1567 1567 1573 1573 
1570 1569 1567 1571 1573 1566 1568 1574 1572 
1571 1570 1568 1570 1574 1567 1567 1573 1573 
1572 1573 1569 1573 1575 1570 1570 1576 1576 
1573 1572 1570 1574 1576 1569 1571 1577 1575 
1574 1573 1571 1573 1577 1570 1570 1576 1576 
1575 1576 1572 1576 1578 1573 1573 1579 1579 
1576 1575 1573 1577 1579 1572 1574 1580 1578 
1577 1576 1574 1576 1580 1573 1573 1579 1579 
1578 1579 1575 1579 1581 1576 1576 1582 1582 
1579 1578 1576 1580 1582 1575 1577 1583 1581 
1580 1579 1577 1579 1583 1576 1576 1582 1582 
1581 1582 1578 1582 1584 1579 1579 1585 1585 
1582 1581 1579 1583 1585 1578 1580 1586 1584 
1583 1582 1580 1582 1586 1579 1579 1585 1585 
1584 1585 1581 1585 1587 1582 1582 1588 1588 
1585 1584 1582 1586 1588 1581 1583 1589 1587 
1586 1585 1583 1585 1589 1582 1582 1588 1588 
1587 1588 1584 1588 1590 1585 1585 1591 1591 
1588 1587 1585 1589 1591 1584 1586 1592 1590 
1589 1588 1586 1588 1592 1585 1585 1591 1591 
1590 1591 1587 1591 1593 1588 1588 1594 1594 
1591 1590 1588 1592 1594 1587 1589 1595 1593 
1592 1591 1589 1591 1595 1588 1588 1594 1594 
1593 1594 1590 1594 1596 1591 1591 1597 1597 
1594 1593 1591 1595 1597 1590 1592 1598 1596 
1595 1594 1592 1594 1598 1591 1591 1597 1597 
1596 1597 1593 1597 1599 1594 1594 1600 1600 
1597 1596 1594 1598 1600 1593 1595 1601 1599 
1598 1597 1595 1597 1601 1594 1594 1600 1600 
1599 1600 1596 1600 1602 1597 1597 1603 1603 
1600 1599 1597 1601 1603 1596 1598 1604 1602 
1601 1600 1598 1600 1604 1597 1597 1603 1603 
1602 1603 1599 1603 1605 1600 1600 1606 1606 
1603 1602 1600 1604 1606 1599 1601 1607 1605 
1604 1603 1601 1603 1607 1600 1600 1606 1606 
1605 1606 1602 1606 1608 1603 1603 1609 1609 
1606 1605 1603 1607 1609 1602 1604 1610 1608 
1607 1606 1604 1606 1610 1603 1603 1609 1609 
1608 1609 1605 1609 1611 1606 1606 1612 1612 
1609 1608 1606 1610 1612 1605 1607 1613 1611 
1610 1609 1607 1609 1613 1606 1606 1612 1612 
1611 1612 1608 1612 1614 1609 1609 1615 1615 
1612 1611 1609 1613 1615 1608 1610 1616 1614 
1613 1612 1610 1612 1616 1609 1609 1615 1615 
1614 1615 1611 1615 1617 1612 1612 1618 1618 
1615 1614 1612 1616 1618 1611 1613 1619 1617 
1616 1615 1613 1615 1619 1612 1612 1618 1618 
1617 1618 1614 1618 1620 1615 1615 1621 1621 
1618 1617 1615 1619 1621 1614 1616 1622 1620 
1619 1618 1616 1618 1622 1615 1615 1621 1621 
1620 1621 1617 1621 1623 1618 1618 1624 1624 
1621 1620 1618 1622 1624 1617 1619 1625 1623 
1622 1621 1619 1621 1625 1618 1618 1624 1624 
1623 1624 1620 1624 1626 1621 1621 1627 1627 
1624 1623 1621 1625 1627 1620 1622 1628 1626 
1625 1624 1622 1624 1628 1621 1621 1627 1627 
1626 1627 1623 1627 1629 1624 1624 1630 1630 
1627 1626 1624 1628 1630 1623 1625 1631 1629 
1628 1627 1625 1627 1631 1624 1624 1630 1630 
1629 1630 1626 1630 1632 1627 1627 1633 1633 
1630 1629 1627 1631 1633 1626 1628 1634 1632 
1631 1630 1628 1630 1634 1627 1627 1633 1633 
1632 1633 1629 1633 1635 1630 1630 1636 1636 
1633 1632 1630 1634 1636 1629 1631 1637 1635 
1634 1633 1631 1633 1637 1630 1630 1636 1636 
1635 1636 1632 1636 1638 1633 1633 1639 1639 
1636 1635 1633 1637 1639 1632 1634 1640 1638 
1637 1636 1634 1636 1640 1633 1633 1639 1639 
1638 1639 1635 1639 1641 1636 1636 1642 1642 
1639 1638 1636 1640 1642 1635 1637 1643 1641 
1640 1639 1637 1639 1643 1636 1636 1642 1642 
1641 1642 1638 1642 1644 1639 1639 1645 1645 
1642 1641 1639 1643 1645 1638 1640 1646 1644 
1643 1642 1640 1642 1646 1639 1639 1645 1645 
1644 1645 1641 1645 1647 1642 1642 1648 1648 
1645 1644 1642 1646 1648 1641 1643 1649 1647 
1646 1645 1643 1645 1649 1642 1642 1648 1648 
1647 1648 1644 1648 1650 1645 1645 1651 1651 
1648 1647 1645 1649 1651 1644 1646 1652 1650 
1649 1648 1646 1648 1652 1645 1645 1651 1651 
1650 1651 1647 1651 1653 1648 1648 1654 1654 
1651 1650 1648 1652 1654 1647 1649 1655 1653 
1652 1651 1649 1651 1655 1648 1648 1654 1654 
1653 1654 1650 1654 1656 1651 1651 1657 1657 
1654 1653 1651 1655 1657 1650 1652 1658 1656 
1655 1654 1652 1654 1658 1651 1651 1657 1657 
1656 1657 1653 1657 1659 1654 1654 1660 1660 
1657 1656 1654 1658 1660 1653 1655 1661 1659 
1658 1657 1655 1657 1661 1654 1654 1660 1660 
1659 1660 1656 1660 1662 1657 1657 1663 1663 
1660 1659 1657 1661 1663 1656 1658 1664 1662 
1661 1660 1658 1660 1664 1657 1657 1663 1663 
1662 1663 1659 1663 1665 1660 1660 1666 1666 
1663 1662 1660 1664 1666 1659 1661 1667 1665 
1664 1663 1661 1663 1667 1660 1660 1666 1666 
1665 1666 1662 1666 1668 1663 1663 1669 1669 
1666 1665 1663 1667 1669 1662 1664 1670 1668 
1667 1666 1664 1666 1670 1663 1663 1669 1669 
1668 1669 1665 1669 1671 1666 1666 1672 1672 
1669 1668 1666 1670 1672 1665 1667 1673 1671 
1670 1669 1667 1669 1673 1666 1666 1672 1672 
1671 1672 1668 1672 1674 1669 1669 1675 1675 
1672 1671 1669 1673 1675 1668 1670 1676 1674 
1673 1672 1670 1672 1676 1669 1669 1675 1675 
1674 1675 1671 1675 1677 1672 1672 1678 1678 
1675 1674 1672 1676 1678 1671 1673 1679 1677 
1676 1675 1673 1675 1679 1672 1672 1678 1678 
1677 1678 1674 1678 1680 1675 1675 1681 1681 
1678 1677 1675 1679 1681 1674 1676 1682 1680 
1679 1678 1676 1678 1682 1675 1675 1681 1681 
1680 1681 1677 1681 1683 1678 1678 1684 1684 
1681 1680 1678 1682 1684 1677 1679 1685 1683 
1682 1681 1679 1681 1685 1678 1678 1684 1684 
1683 1684 1680 1684 1686 1681 1681 1687 1687 
1684 1683 1681 1685 1687 1680 1682 1688 1686 
1685 1684 1682 1684 1688 1681 1681 1687 1687 
1686 1687 1683 1687 1689 1684 1684 1690 1690 
1687 1686 1684 1688 1690 1683 1685 1691 1689 
1688 1687 1685 1687 1691 1684 1684 1690 1690 
1689 1690 1686 1690 1692 1687 1687 1693 1693 
1690 1689 1687 1691 1693 1686 1688 1694 1692 
1691 1690 1688 1690 1694 1687 1687 1693 1693 
1692 1693 1689 1693 1695 1690 1690 1696 1696 
1693 1692 1690 1694 1696 1689 1691 1697 1695 
1694 1693 1691 1693 1697 1690 1690 1696 1696 
1695 1696 1692 1696 1698 1693 1693 1699 1699 
1696 1695 1693 1697 1699 1692 1694 1700 1698 
1697 1696 1694 1696 1700 1693 1693 1699 1699 
1698 1699 1695 1699 1701 1696 1696 1702 1702 
1699 1698 1696 1700 1702 1695 1697 1703 1701 
1700 1699 1697 1699 1703 1696 1696 1702 1702 
1701 1702 1698 1702 1704 1699 1699 1705 1705 
1702 1701 1699 1703 1705 1698 1700 1706 1704 
1703 1702 1700 1702 1706 1699 1699 1705 1705 
1704 1705 1701 1705 1707 1702 1702 1708 1708 
1705 1704 1702 1706 1708 1701 1703 1709 1707 
1706 1705 1703 1705 1709 1702 1702 1708 1708 
1707 1708 1704 1708 1710 1705 1705 1711 1711 
1708 1707 1705 1709 1711 1704 1706 1712 1710 
1709 1708 1706 1708 1712 1705 1705 1711 1711 
1710 1711 1707 1711 1713 1708 1708 1714 1714 
1711 1710 1708 1712 1714 1707 1709 1715 1713 
1712 1711 1709 1711 1715 1708 1708 1714 1714 
1713 1714 1710 1714 1716 1711 1711 1717 1717 
1714 1713 1711 1715 1717 1710 1712 1718 1716 
1715 1714 1712 1714 1718 1711 1711 1717 1717 
1716 1717 1713 1717 1719 1714 1714 1720 1720 
1717 1716 1714 1718 1720 1713 1715 1721 1719 
1718 1717 1715 1717 1721 1714 1714 1720 1720 
1719 1720 1716 1720 1722 1717 1717 1723 1723 
1720 1719 1717 1721 1723 1716 1718 1724 1722 
1721 1720 1718 1720 1724 1717 1717 1723 1723 
1722 1723 1719 1723 1725 1720 1720 1726 1726 
1723 1722 1720 1724 1726 1719 1721 1727 1725 
1724 1723 1721 1723 1727 1720 1720 1726 1726 
1725 1726 1722 1726 1728 1723 1723 1729 1729 
1726 1725 1723 1727 1729 1722 1724 1730 1728 
1727 1726 1724 1726 1730 1723 1723 1729 1729 
1728 1729 1725 1729 1731 1726 1726 1732 1732 
1729 1728 1726 1730 1732 1725 1727 1733 1731 
1730 1729 1727 1729 1733 1726 1726 1732 1732 
1731 1732 1728 1732 1734 1729 1729 1735 1735 
1732 1731 1729 1733 1735 1728 1730 1736 1734 
1733 1732 1730 1732 1736 1729 1729 1735 1735 
1734 1735 1731 1735 1737 1732 1732 1738 1738 
1735 1734 1732 1736 1738 1731 1733 1739 1737 
1736 1735 1733 1735 1739 1732 1732 1738 1738 
1737 1738 1734 1738 1740 1735 1735 1741 1741 
1738 1737 1735 1739 1741 1734 1736 1742 1740 
1739 1738 1736 1738 1742 1735 1735 1741 1741 
1740 1741 1737 1741 1743 1738 1738 1744 1744 
1741 1740 1738 1742 1744 1737 1739 1745 1743 
1742 1741 1739 1741 1745 1738 1738 1744 1744 
1743 1744 1740 1744 1746 1741 1741 1747 1747 
1744 1743 1741 1745 1747 1740 1742 1748 1746 
1745 1744 1742 1744 1748 1741 1741 1747 1747 
1746 1747 1743 1747 1749 1744 1744 1750 1750 
1747 1746 1744 1748 1750 1743 1745 1751 1749 
1748 1747 1745 1747 1751 1744 1744 1750 1750 
1749 1750 1746 1750 1752 1747 1747 1753 1753 
1750 1749 1747 1751 1753 1746 1748 1754 1752 
1751 1750 1748 1750 1754 1747 1747 1753 1753 
1752 1753 1749 1753 1755 1750 1750 1756 1756 
1753 1752 1750 1754 1756 1749 1751 1757 1755 
1754 1753 1751 1753 1757 1750 1750 1756 1756 
1755 1756 1752 1756 1758 1753 1753 1759 1759 
1756 1755 1753 1757 1759 1752 1754 1760 1758 
1757 1756 1754 1756 1760 1753 1753 1759 1759 
1758 1759 1755 1759 1761 1756 1756 1762 1762 
1759 1758 1756 1760 1762 1755 1757 1763 1761 
1760 1759 1757 1759 1763 1756 1756 1762 1762 
1761 1762 1758 1762 1764 1759 1759 1765 1765 
1762 1761 1759 1763 1765 1758 1760 1766 1764 
1763 1762 1760 1762 1766 1759 1759 1765 1765 
1764 1765 1761 1765 1767 1762 1762 1768 1768 
1765 1764 1762 1766 1768 1761 1763 1769 1767 
1766 1765 1763 1765 1769 1762 1762 1768 1768 
1767 1768 1764 1768 1770 1765 1765 1771 1771 
1768 1767 1765 1769 1771 1764 1766 1772 1770 
1769 1768 1766 1768 1772 1765 1765 1771 1771 
1770 1771 1767 1771 1773 1768 1768 1774 1774 
1771 1770 1768 1772 1774 1767 1769 1775 1773 
1772 1771 1769 1771 1775 1768 1768 1774 1774 
1773 1774 1770 1774 1776 1771 1771 1777 1777 
1774 1773 1771 1775 1777 1770 1772 1778 1776 
1775 1774 1772 1774 1778 1771 1771 1777 1777 
1776 1777 1773 1777 1779 1774 1774 1780 1780 
1777 1776 1774 1778 1780 1773 1775 1781 1779 
1778 1777 1775 1777 1781 1774 1774 1780 1780 
1779 1780 1776 1780 1782 1777 1777 1783 1783 
1780 1779 1777 1781 1783 1776 1778 1784 1782 
1781 1780 1778 1780 1784 1777 1777 1783 1783 
1782 1783 1779 1783 1785 1780 1780 1786 1786 
1783 1782 1780 1784 1786 1779 1781 1787 1785 
1784 1783 1781 1783 1787 1780 1780 1786 1786 
1785 1786 1782 1786 1788 1783 1783 1789 1789 
1786 1785 1783 1787 1789 1782 1784 1790 1788 
1787 1786 1784 1786 1790 1783 1783 1789 1789 
1788 1789 1785 1789 1791 1786 1786 1792 1792 
1789 1788 1786 1790 1792 1785 1787 1793 1791 
1790 1789 1787 1789 1793 1786 1786 1792 1792 
1791 1792 1788 1792 1794 1789 1789 1795 1795 
1792 1791 1789 1793 1795 1788 1790 1796 1794 
1793 1792 1790 1792 1796 1789 1789 1795 1795 
1794 1795 1791 1795 1797 1792 1792 1798 1798 
1795 1794 1792 1796 1798 1791 1793 1799 1797 
1796 1795 1793 1795 1799 1792 1792 1798 1798 
1797 1798 1794 1798 1800 1795 1795 1801 1801 
1798 1797 1795 1799 1801 1794 1796 1802 1800 
1799 1798 1796 1798 1802 1795 1795 1801 1801 
1800 1801 1797 1801 -1 1798 1798 -1 -1 
1801 1800 1798 1802 -1 1797 1799 -1 -1 
1802 1801 1799 1801 -1 1798 1798 -1 -1 
